100 150 1
0 1
1 2
2 0
3 4
4 5
5 3
6 7
7 8
8 6
9 10
10 11
11 9
12 13
13 14
14 12
15 16
16 17
17 15
18 19
19 20
20 18
21 22
22 23
23 21
24 25
25 26
26 24
27 28
28 29
29 27
30 31
31 32
32 30
33 34
34 35
35 33
36 37
37 38
38 36
39 40
40 41
41 39
42 43
43 44
44 42
45 46
46 47
47 45
48 49
49 50
50 48
51 52
52 53
53 51
54 55
55 56
56 54
57 58
58 59
59 57
60 61
61 62
62 60
63 64
64 65
65 63
66 67
67 68
68 66
69 70
70 71
71 69
72 73
73 74
74 72
75 76
76 77
77 75
78 79
79 80
80 78
81 82
82 83
83 81
84 85
85 86
86 84
87 88
88 89
89 87
90 91
91 92
92 90
93 94
94 95
95 93
96 97
97 98
98 96
99 0
0 1
1 99
2 5
5 8
8 11
11 14
14 17
17 20
20 23
23 26
26 29
29 32
32 35
35 38
38 41
41 44
44 47
47 50
50 53
53 56
56 59
59 62
62 65
65 68
68 71
71 74
74 77
77 80
80 83
83 86
86 89
89 92
92 95
95 98
98 2