150 225 1
0 75
1 76
2 77
3 78
4 79
5 80
6 81
7 82
8 83
9 84
10 85
11 86
12 87
13 88
14 89
15 90
16 91
17 92
18 93
19 94
20 95
21 96
22 97
23 98
24 99
25 100
26 101
27 102
28 103
29 104
30 105
31 106
32 107
33 108
34 109
35 110
36 111
37 112
38 113
39 114
40 115
41 116
42 117
43 118
44 119
45 120
46 121
47 122
48 123
49 124
50 125
51 126
52 127
53 128
54 129
55 130
56 131
57 132
58 133
59 134
60 135
61 136
62 137
63 138
64 139
65 140
66 141
67 142
68 143
69 144
70 145
71 146
72 147
73 148
74 149
75 1
76 2
77 3
78 4
79 5
80 6
81 7
82 8
83 9
84 10
85 11
86 12
87 13
88 14
89 15
90 16
91 17
92 18
93 19
94 20
95 21
96 22
97 23
98 24
99 25
100 26
101 27
102 28
103 29
104 30
105 31
106 32
107 33
108 34
109 35
110 36
111 37
112 38
113 39
114 40
115 41
116 42
117 43
118 44
119 45
120 46
121 47
122 48
123 49
124 50
125 51
126 52
127 53
128 54
129 55
130 56
131 57
132 58
133 59
134 60
135 61
136 62
137 63
138 64
139 65
140 66
141 67
142 68
143 69
144 70
145 71
146 72
147 73
148 74
149 0