150 150
1 76
1 77
2 78
2 79
3 80
3 81
4 82
4 83
5 84
5 85
6 86
6 87
7 88
7 89
8 90
8 91
9 92
9 93
10 94
10 95
11 96
11 97
12 98
12 99
13 100
13 101
14 102
14 103
15 104
15 105
16 106
16 107
17 108
17 109
18 110
18 111
19 112
19 113
20 114
20 115
21 116
21 117
22 118
22 119
23 120
23 121
24 122
24 123
25 124
25 125
26 126
26 127
27 128
27 129
28 130
28 131
29 132
29 133
30 134
30 135
31 136
31 137
32 138
32 139
33 140
33 141
34 142
34 143
35 144
35 145
36 146
36 147
37 148
37 149
38 150
38 76
39 77
39 78
40 79
40 80
41 81
41 82
42 83
42 84
43 85
43 86
44 87
44 88
45 89
45 90
46 91
46 92
47 93
47 94
48 95
48 96
49 97
49 98
50 99
50 100
51 101
51 102
52 103
52 104
53 105
53 106
54 107
54 108
55 109
55 110
56 111
56 112
57 113
57 114
58 115
58 116
59 117
59 118
60 119
60 120
61 121
61 122
62 123
62 124
63 125
63 126
64 127
64 128
65 129
65 130
66 131
66 132
67 133
67 134
68 135
68 136
69 137
69 138
70 139
70 140
71 141
71 142
72 143
72 144
73 145
73 146
74 147
74 148
75 149
75 150
