50
2 6 4 17
10 20 15 21
22 21 10 14
3 12 23 27
20 8 10 11
27 9 20 25
6 2 15 19
29 12 8 24
25 24 28 2
1 1 14 11
10 3 25 10
21 25 17 20
0 26 29 15
21 20 23 20
8 22 18 13
3 13 25 23
4 28 27 25
0 12 20 20
5 24 11 22
22 28 30 2
6 29 18 19
21 14 8 25
11 27 4 23
20 18 20 28
24 9 19 29
16 17 4 3
8 12 12 21
4 18 0 12
6 16 2 28
3 5 18 28
30 0 21 29
8 30 25 8
22 22 12 26
24 24 28 21
14 30 6 16
18 7 22 6
20 3 0 2
13 0 14 0
2 11 30 12
14 10 29 5
10 16 5 1
22 26 17 30
28 25 16 12
15 12 1 20
10 26 8 28
4 2 12 7
5 11 26 2
16 28 1 23
12 17 14 5
7 5 24 9