50
17 10 6 28
2 10 17 8
30 27 19 3
1 8 2 15
2 25 27 19
14 7 26 8
9 8 25 16
14 2 1 4
27 24 3 2
1 28 9 10
19 12 25 27
12 8 24 13
14 1 11 19
12 18 22 26
0 14 4 4
8 20 4 30
1 9 12 10
2 2 6 9
25 1 22 8
29 9 0 16
13 17 3 6
16 24 3 9
8 6 13 10
11 19 16 5
8 12 7 26
0 30 19 0
19 13 18 27
30 0 20 13
14 20 3 28
25 22 17 23
0 7 5 10
2 17 7 20
13 19 15 21
27 19 15 4
6 17 1 5
17 13 23 12
26 9 11 8
29 29 2 0
0 23 8 28
11 25 8 9
6 14 30 9
9 1 27 10
8 5 22 3
21 29 3 23
11 12 7 2
17 6 27 16
19 25 8 1
30 0 28 30
12 15 17 28
4 12 7 10