50
13 4 10 22
0 24 18 8
2 9 29 10
25 22 9 22
14 26 11 20
6 13 11 11
16 12 10 20
26 15 10 15
8 21 19 9
4 23 17 12
2 30 13 9
26 10 29 16
26 30 17 20
27 27 25 2
18 7 12 5
11 21 26 8
7 30 3 15
25 13 8 30
2 11 30 10
30 3 9 27
4 15 4 6
1 29 24 25
11 8 4 19
12 9 10 20
18 14 5 11
16 21 20 13
16 5 1 4
18 7 17 4
14 12 26 29
11 11 0 26
17 19 6 0
8 2 14 13
10 30 19 24
20 11 3 20
4 26 8 13
2 4 4 21
27 2 16 28
26 6 30 10
13 6 23 1
6 7 30 13
13 14 8 28
13 4 21 2
25 20 11 30
14 22 0 23
9 0 13 20
30 3 10 30
23 5 6 19
25 26 10 8
15 13 24 21
26 5 25 25