50
10 23 10 26
2 12 30 29
1 7 29 2
14 29 16 21
30 10 10 19
15 8 15 5
21 3 16 11
13 2 14 9
26 12 6 7
12 11 9 6
30 15 12 18
4 18 9 16
10 24 30 10
29 30 3 17
22 26 12 24
24 27 26 3
29 14 23 14
0 25 1 28
20 27 9 0
10 0 28 29
18 3 8 3
16 22 13 9
23 16 26 2
4 10 26 11
22 18 14 21
0 28 20 17
25 17 5 5
17 29 8 19
19 24 12 3
1 1 30 19
20 24 27 19
25 1 25 27
28 10 6 4
11 3 18 5
15 2 18 17
19 14 23 29
15 18 5 13
6 3 1 1
18 6 18 2
6 28 27 9
8 25 15 13
13 13 16 12
11 5 17 18
26 9 29 26
1 27 5 29
0 27 30 0
21 28 1 10
8 28 28 30
13 24 0 21
6 9 28 27