50
24 7 22 26
5 21 25 17
25 5 23 8
6 10 4 6
23 24 4 17
25 4 1 10
21 18 29 17
10 20 26 20
23 28 10 18
15 9 8 21
4 5 11 7
23 14 16 8
10 27 9 4
29 10 23 20
25 14 1 2
8 19 11 1
3 18 18 20
20 19 3 6
12 4 9 22
1 12 27 16
14 27 18 22
0 12 19 21
17 9 30 22
27 16 3 29
11 7 10 25
25 25 18 28
26 27 13 1
8 29 1 29
1 5 19 16
16 24 24 14
6 7 27 22
16 17 15 30
9 9 30 19
26 11 4 14
12 0 16 12
27 18 21 24
27 5 12 6
0 23 28 24
20 12 2 21
28 11 14 13
18 2 14 10
5 14 0 10
23 0 1 3
28 13 16 16
13 2 18 9
4 25 15 21
20 30 21 14
0 9 4 21
13 2 26 13
13 19 4 2