50
12 30 18 7
30 28 0 21
26 13 18 10
22 1 8 10
0 17 3 11
3 20 28 7
11 27 21 3
29 22 8 22
27 9 23 9
11 1 4 13
29 7 9 22
30 16 7 30
8 13 20 22
20 7 17 21
10 10 1 26
2 20 3 10
26 19 16 25
25 12 1 26
9 30 13 17
1 3 3 11
5 10 20 0
12 6 18 15
11 29 2 30
4 17 22 14
27 22 15 27
5 1 5 7
6 4 7 23
6 20 17 10
6 25 22 20
0 6 19 26
14 15 6 5
24 18 5 6
19 8 2 12
3 18 19 17
11 1 8 11
3 8 23 2
27 27 5 11
17 18 3 29
12 26 3 12
18 12 30 7
12 23 2 22
21 25 27 0
3 6 21 16
6 18 17 28
22 10 5 2
29 4 22 15
5 8 20 22
11 24 21 16
22 17 7 22
22 23 1 25