50
13 26 7 27
8 2 14 28
20 12 22 21
11 10 7 3
12 23 6 19
24 26 25 3
4 28 26 19
24 14 28 27
0 9 30 15
10 18 11 3
14 17 22 21
4 28 12 15
22 7 12 14
23 3 19 4
16 22 27 12
22 12 19 24
26 0 17 11
6 8 22 4
4 24 23 12
20 13 9 13
12 11 25 21
14 12 4 16
20 30 30 7
6 28 12 16
3 22 2 3
25 2 11 29
2 10 12 12
25 28 0 8
18 0 15 20
28 8 22 3
29 12 19 23
8 26 11 27
12 14 24 12
29 27 12 25
11 30 2 11
28 26 9 0
11 16 15 15
8 23 25 12
14 6 0 0
10 12 29 20
21 15 11 9
9 5 20 21
17 30 28 18
20 27 4 19
9 22 20 10
21 27 30 28
20 24 18 5
6 22 17 25
23 11 5 4
3 4 23 19