50
10 18 8 19
2 28 15 17
27 17 12 4
23 29 0 10
8 5 25 19
21 26 19 5
28 17 10 22
19 11 19 14
7 5 27 13
4 1 18 18
22 20 28 2
3 16 24 17
7 23 27 6
16 12 7 18
20 0 19 13
8 27 28 30
23 6 18 15
21 23 19 9
23 10 2 19
9 8 18 6
28 2 9 24
8 16 28 26
17 19 15 10
21 1 3 25
22 1 0 19
6 7 7 26
21 6 6 28
0 3 4 7
11 25 13 30
11 23 20 5
7 15 13 6
7 3 7 10
29 18 13 22
9 23 21 30
22 12 1 6
13 6 13 20
14 9 24 23
0 4 2 19
23 28 10 20
3 24 17 22
3 24 18 28
2 18 15 29
9 8 7 23
3 13 2 30
21 14 21 12
21 20 20 23
13 14 28 22
5 7 21 26
16 25 19 26
17 7 27 11