50
19 8 23 2
15 28 29 29
6 7 27 3
20 24 22 21
3 2 29 3
0 3 7 3
24 1 14 15
3 28 10 25
26 20 30 0
4 2 15 14
27 23 9 13
15 19 20 8
6 11 7 20
7 23 11 23
4 11 2 30
22 26 27 29
28 23 7 11
30 2 12 4
21 2 4 30
23 12 0 19
20 7 20 9
24 7 23 27
5 24 19 19
5 12 7 29
24 18 19 4
24 14 20 22
0 10 3 6
18 24 13 23
2 3 26 0
14 0 28 5
3 18 19 15
4 29 14 7
10 26 17 16
13 25 13 22
1 26 15 27
13 10 13 18
27 3 9 19
9 18 0 21
4 30 16 5
17 24 30 0
1 5 10 15
29 19 22 2
12 5 0 4
9 23 28 24
10 4 2 22
13 15 11 11
29 14 0 10
9 12 29 5
15 28 12 5
1 14 23 12