400
24 13 3 18
18 15 4 3
26 16 20 10
11 0 6 28
30 23 23 28
5 29 14 17
29 24 14 17
2 6 1 10
5 8 6 19
12 2 16 10
7 8 1 20
11 8 30 21
28 27 11 12
17 5 0 17
10 12 29 1
28 16 4 13
17 1 18 9
7 15 9 4
13 28 20 1
20 4 28 0
4 21 7 4
20 21 10 18
17 3 18 19
4 9 24 26
21 25 10 30
22 18 7 20
27 28 15 28
24 10 24 21
30 25 16 25
29 3 0 9
18 29 30 20
22 20 21 26
24 15 19 11
18 14 13 18
18 8 14 2
4 22 16 2
21 9 11 7
25 21 7 17
24 30 26 4
11 7 7 14
5 21 18 10
3 23 23 15
23 6 24 13
14 2 28 25
26 24 1 8
6 22 2 17
14 6 13 20
26 7 19 5
12 21 18 3
15 2 7 7
8 13 0 24
17 1 25 8
10 16 14 30
27 24 13 17
18 30 17 2
20 3 26 15
4 18 15 23
15 9 22 22
24 2 10 26
19 18 0 21
16 20 5 5
0 11 28 22
8 29 5 21
21 30 22 5
25 27 11 5
6 10 3 27
30 18 16 11
26 3 4 2
0 30 11 29
26 22 4 12
8 7 3 6
10 6 5 9
5 15 1 16
11 18 12 8
20 27 28 1
27 24 28 5
17 11 12 28
5 16 2 20
4 3 2 18
11 20 1 1
6 19 29 29
7 4 25 23
12 23 2 22
19 6 20 25
25 1 14 21
20 24 29 8
2 21 14 13
22 17 1 28
14 11 13 28
4 18 15 27
7 13 6 22
1 30 7 28
28 6 9 26
17 12 23 22
28 10 4 8
6 9 3 9
0 18 1 30
1 11 11 17
29 9 3 24
30 8 19 29
16 19 11 29
1 15 22 10
28 28 12 7
26 2 3 3
22 21 15 14
3 20 10 7
2 17 8 13
4 27 23 26
19 1 24 19
30 8 23 25
19 14 25 18
27 30 1 17
4 21 12 24
10 18 14 8
25 0 18 17
1 10 14 29
19 27 5 12
29 9 4 2
28 6 18 5
20 23 15 16
13 25 4 15
1 13 7 18
15 9 28 18
20 17 22 14
12 4 5 18
12 25 4 27
16 22 17 7
21 29 23 22
2 19 26 3
3 4 16 25
17 13 25 0
17 0 26 14
12 19 8 19
30 18 26 20
2 2 19 5
10 30 29 16
13 26 28 28
30 26 21 2
3 5 8 8
7 10 8 25
20 21 21 28
8 2 30 14
25 23 10 14
5 22 9 19
25 16 10 11
2 3 0 4
2 14 1 13
3 4 1 27
29 7 3 20
14 26 6 12
30 28 11 13
18 19 16 17
14 18 27 15
14 6 30 6
9 10 20 6
23 28 2 17
21 6 9 9
3 15 8 11
24 28 24 20
14 15 30 28
5 30 6 0
6 9 23 20
25 9 13 30
23 28 27 29
17 0 30 8
6 10 24 4
9 29 19 1
26 18 1 2
12 26 25 16
29 16 19 17
16 13 4 9
12 3 12 23
30 3 24 21
2 4 25 18
9 25 29 29
1 3 9 21
15 5 3 14
26 8 16 8
26 1 23 22
3 13 12 15
3 25 15 26
9 18 16 5
15 14 16 20
6 4 18 13
23 30 16 17
30 17 0 0
30 29 0 7
4 29 18 26
1 16 2 19
1 13 9 15
24 8 25 17
12 12 6 8
14 30 26 7
2 8 0 1
1 26 10 8
30 8 28 28
7 8 27 11
8 8 3 25
3 21 24 27
17 24 8 16
6 2 0 8
11 13 21 15
13 18 14 27
12 8 0 22
3 6 2 2
21 29 16 1
25 26 4 6
23 12 30 24
25 14 24 2
25 28 1 29
0 28 13 24
2 19 19 26
28 24 4 16
17 30 6 11
19 19 9 0
19 4 25 17
20 4 14 9
0 27 19 22
12 12 30 11
19 20 22 8
19 14 19 25
5 29 25 23
14 16 3 29
17 12 5 18
14 6 17 15
20 20 1 20
19 6 15 7
2 25 13 27
1 4 14 21
6 13 19 11
5 23 8 7
27 27 18 2
0 18 10 27
22 5 9 21
18 24 9 11
3 5 2 25
22 8 27 27
24 2 16 4
15 24 6 25
17 22 4 7
14 27 22 20
2 22 21 22
25 15 20 30
12 2 10 7
24 19 4 15
9 21 7 19
9 17 13 23
23 10 24 27
23 20 10 0
3 29 19 4
21 2 11 6
28 28 29 8
11 25 29 26
14 18 12 17
14 28 0 24
15 21 7 19
2 3 11 11
10 6 19 24
5 7 16 6
22 12 15 17
14 26 2 13
21 6 18 12
22 8 10 27
23 23 17 5
9 11 1 3
10 29 0 11
3 5 26 16
6 8 25 19
18 26 23 3
5 4 29 25
27 26 19 21
22 9 30 21
15 2 23 14
11 25 3 14
19 0 28 23
16 5 14 19
14 28 0 15
3 6 28 18
20 20 30 28
13 17 25 20
28 17 23 5
21 18 3 19
20 20 1 21
28 16 20 2
14 14 30 6
13 16 20 0
7 28 10 5
11 0 29 4
7 25 25 14
11 11 27 11
1 27 21 28
6 21 3 14
27 8 16 12
16 26 17 20
28 6 6 8
24 13 30 2
3 9 30 1
29 4 10 8
28 16 7 6
24 24 17 12
27 21 18 13
11 28 13 6
11 5 1 21
6 11 10 24
12 27 13 23
11 16 4 14
28 11 22 25
12 0 13 16
9 5 17 24
14 15 20 15
23 22 30 29
4 15 14 7
30 27 18 3
14 20 22 11
10 30 12 19
7 16 17 25
4 23 20 9
24 2 25 23
0 17 16 17
19 28 15 4
4 5 10 26
15 28 19 16
4 6 22 7
3 24 14 4
18 11 3 19
1 21 17 3
19 17 12 10
26 14 30 28
1 28 26 18
18 11 14 10
23 4 2 9
3 2 27 10
2 25 12 7
11 29 12 11
1 25 18 6
22 5 6 15
21 5 2 24
24 0 6 9
15 20 7 28
9 15 5 4
2 30 8 24
22 21 21 5
21 29 29 26
7 17 1 2
13 21 6 13
30 23 10 9
5 13 3 27
24 19 16 8
14 5 12 26
30 13 26 24
29 25 1 21
27 23 22 19
27 4 27 3
17 14 2 6
13 10 18 14
25 1 5 11
28 21 13 26
1 2 16 26
7 18 30 22
2 1 10 0
4 3 3 26
18 0 26 5
26 17 26 0
0 21 0 11
4 7 3 19
26 26 8 30
10 0 23 28
20 6 4 11
6 28 3 30
19 15 3 18
30 9 21 12
30 21 5 8
8 14 8 22
4 25 26 26
15 7 11 23
3 3 4 11
0 27 17 13
2 5 17 16
18 12 19 17
25 4 22 0
19 5 19 14
5 25 10 6
23 28 0 21
18 3 23 18
26 5 15 27
6 22 25 3
30 18 12 14
12 25 20 4
16 30 27 8
9 18 23 22
27 8 17 1
26 17 29 25
30 28 13 6
4 18 14 20
9 0 8 15
25 23 30 5
16 22 15 13
14 11 16 18
0 28 24 1
12 5 27 16