400
29 11 9 26
3 14 5 17
23 11 9 1
19 16 24 23
13 12 25 5
0 6 21 6
20 17 14 30
29 20 3 30
24 26 19 6
27 3 13 29
4 0 16 23
8 26 22 15
26 25 13 12
22 0 11 5
21 4 18 16
8 27 18 10
22 21 16 9
22 13 22 27
29 26 25 21
28 3 9 28
12 29 7 23
11 14 22 15
6 11 13 20
1 0 22 0
13 28 8 28
4 5 30 17
16 30 15 1
14 18 12 6
18 26 1 4
5 5 29 17
14 11 16 5
18 25 22 28
6 12 17 8
4 4 24 28
16 26 24 24
24 15 26 19
13 1 21 22
5 0 27 5
6 15 20 12
14 25 1 26
22 15 30 12
14 22 7 15
24 25 26 24
21 2 30 18
19 27 15 6
18 18 29 1
5 6 10 21
14 25 29 27
3 0 8 8
10 21 1 9
26 21 1 11
27 13 25 20
20 17 0 24
20 26 30 20
0 18 4 17
18 16 7 30
9 5 11 4
27 7 21 12
27 20 14 25
22 23 2 13
11 14 11 28
23 4 25 15
12 7 30 20
2 5 19 2
27 3 4 1
26 20 26 5
3 11 19 8
14 16 1 24
12 8 26 12
12 30 9 6
18 1 10 23
26 8 3 21
16 9 18 27
11 15 26 29
22 14 14 21
10 19 11 4
21 25 4 1
4 17 26 10
8 26 4 30
1 10 29 30
30 19 26 1
19 6 23 4
23 28 11 9
10 15 20 18
7 3 9 27
8 7 24 26
3 11 10 16
10 5 28 11
11 17 0 13
3 19 27 28
3 8 19 24
16 19 4 7
20 16 17 22
21 9 9 13
5 7 7 26
28 16 5 8
9 22 14 12
8 1 15 4
4 19 29 20
17 17 28 15
11 5 21 10
26 4 3 11
5 6 29 15
2 16 2 10
0 1 28 22
26 9 20 29
5 26 29 11
14 19 3 13
17 5 1 14
9 30 5 9
14 22 16 10
0 19 0 21
11 27 11 11
22 26 9 19
23 15 10 16
11 13 8 6
24 29 17 10
6 4 30 30
28 12 19 9
15 25 6 20
22 5 21 5
13 9 3 1
17 19 0 10
7 26 2 27
27 30 16 16
15 17 1 24
28 0 24 1
19 14 20 16
6 1 17 0
25 10 11 29
25 29 7 21
25 27 29 14
30 5 9 19
0 2 3 20
19 27 10 26
0 1 21 2
18 9 20 28
29 15 17 22
17 22 17 8
21 23 8 8
23 6 1 10
10 5 2 26
14 18 14 20
5 28 18 17
10 2 7 22
21 23 7 9
28 6 0 25
25 2 4 23
2 18 8 24
19 7 6 25
18 1 13 7
24 21 17 11
25 8 0 30
4 16 7 20
15 23 9 20
9 16 22 3
0 27 30 27
17 5 15 10
27 23 23 15
2 2 14 16
8 15 7 21
11 28 30 2
0 12 11 7
24 22 26 17
16 5 15 8
19 22 20 14
27 26 15 8
22 21 28 4
13 3 17 6
27 26 0 12
17 30 27 17
9 2 25 12
0 27 12 15
0 9 25 1
2 24 11 23
16 6 17 20
9 29 4 25
4 20 17 14
5 11 10 24
4 17 7 27
21 10 4 21
23 22 16 12
0 30 4 5
8 21 17 1
26 29 22 4
23 18 27 14
5 15 12 0
9 13 13 14
10 30 17 28
6 3 14 20
16 16 4 15
9 30 0 4
12 23 25 26
3 21 8 15
22 10 23 4
5 29 16 3
29 4 21 3
5 30 23 0
2 9 22 0
18 11 25 18
22 3 9 15
10 5 23 13
10 13 11 29
25 28 21 26
11 3 16 9
27 21 5 2
17 12 15 17
0 5 30 19
27 15 5 14
1 29 22 24
30 21 20 17
10 10 12 6
5 1 24 9
20 26 12 30
12 4 30 1
0 12 3 29
24 29 21 30
12 15 18 29
9 19 23 22
20 25 16 18
10 18 23 7
26 4 29 0
8 30 18 19
12 7 7 30
7 14 27 29
27 17 1 4
0 17 24 17
20 25 23 4
25 30 10 26
18 10 28 23
28 7 15 28
2 18 18 16
5 11 25 26
26 12 3 25
22 10 5 6
14 11 8 18
5 17 6 30
27 2 1 15
24 27 28 27
30 21 14 26
15 23 7 0
7 0 10 22
5 3 28 29
14 24 24 29
14 0 16 12
20 24 16 2
15 9 7 7
13 24 20 11
5 13 22 8
2 27 10 14
13 18 22 13
8 14 20 22
23 2 29 23
10 10 12 29
10 19 13 28
10 13 18 3
23 16 29 14
20 28 25 30
26 2 29 16
19 24 21 5
14 18 1 16
7 11 16 26
10 13 4 17
20 12 16 21
8 30 9 1
0 9 23 0
18 12 23 19
7 14 22 7
29 29 12 6
20 5 13 27
14 3 25 10
18 5 15 29
15 10 25 1
0 11 1 0
21 13 21 11
13 11 3 10
23 10 0 11
19 29 18 17
8 25 15 28
18 11 6 17
22 24 13 17
3 22 4 17
20 0 24 19
22 29 2 23
9 17 17 4
7 1 22 21
20 1 13 8
7 5 5 13
26 15 22 3
0 4 6 0
3 6 27 12
8 6 19 2
8 3 18 11
26 6 15 16
18 4 28 6
19 3 18 24
9 29 22 29
28 12 27 21
2 27 11 0
9 21 14 19
10 24 29 19
15 13 30 3
19 25 12 19
27 10 8 1
6 3 26 28
3 7 20 1
4 29 18 17
1 21 18 25
21 7 6 13
8 24 23 2
10 26 18 3
10 22 15 0
26 13 15 15
0 2 3 30
3 17 26 20
14 18 9 0
25 2 7 4
28 14 4 25
24 3 2 8
20 13 5 19
14 27 20 26
20 17 6 24
1 23 25 15
21 27 29 26
2 16 15 25
8 2 0 13
6 13 18 25
11 19 27 23
8 18 22 11
18 20 18 4
18 13 25 13
29 5 16 30
20 4 17 7
21 17 5 10
17 14 13 21
8 21 22 30
13 21 2 17
1 21 6 5
6 4 12 0
0 9 18 22
24 13 26 28
27 18 0 28
4 15 4 13
21 29 29 27
8 3 10 27
1 7 14 5
25 5 25 27
5 20 4 30
29 1 14 0
21 12 7 5
19 23 27 9
9 3 30 29
25 18 23 7
23 27 0 2
17 18 18 18
5 12 27 29
22 15 0 18
10 7 26 18
10 11 16 25
29 17 6 17
20 23 15 12
7 22 23 26
13 3 19 14
8 11 1 15
30 4 19 27
6 9 20 25
16 16 29 12
26 11 20 7
0 15 5 16
10 5 21 18
27 10 30 22
16 10 7 17
29 12 7 17
1 9 3 20
14 23 23 21
8 7 3 19
9 21 22 5
16 17 13 10
23 16 16 0
16 21 13 11
0 12 13 30
10 19 6 30
21 27 25 4
10 21 8 20
22 12 27 29
7 15 23 7
20 22 5 8
2 7 27 9
19 3 16 30
6 19 20 4
15 15 7 12
16 1 21 4
20 1 24 19
1 8 3 30
10 12 27 2
30 11 15 19
16 7 22 8
0 11 26 12
10 25 22 29
30 16 12 14