400
1 26 25 15
6 4 29 13
14 7 2 30
25 6 28 21
27 1 1 7
7 21 17 11
21 7 28 5
24 26 10 0
2 27 18 22
24 21 25 30
17 5 7 5
0 14 11 13
15 25 5 3
23 22 10 9
12 2 24 22
29 16 2 29
26 29 7 20
1 11 10 25
22 16 4 4
4 17 20 16
17 12 16 28
4 12 26 26
27 1 7 26
1 17 1 1
28 17 26 16
17 5 7 0
22 0 11 18
28 28 17 22
19 6 6 26
6 5 8 13
1 12 2 11
25 5 3 8
4 8 20 0
29 23 25 0
17 4 29 25
16 12 21 6
18 10 25 23
28 23 22 3
8 6 3 25
2 11 25 25
10 29 24 0
10 7 30 17
10 6 12 0
4 18 10 10
23 8 10 24
6 9 27 2
19 10 11 5
6 20 20 4
25 10 23 20
25 20 26 30
25 19 30 22
11 5 12 4
0 0 6 2
10 3 21 21
16 1 7 26
13 13 3 14
20 29 7 21
22 9 7 29
12 16 24 27
3 29 24 11
18 29 29 23
24 27 14 3
13 1 7 4
0 15 7 11
9 27 18 4
20 5 29 30
18 21 9 24
11 25 20 3
16 24 24 29
10 28 27 17
2 1 18 1
0 1 27 28
4 21 17 1
15 10 4 1
12 22 20 25
1 20 17 22
21 7 5 7
26 7 12 14
6 13 1 10
6 17 22 19
30 27 12 12
21 19 17 8
5 12 28 15
7 1 22 19
6 22 2 14
14 19 10 20
8 30 2 2
0 12 4 14
30 26 17 15
10 23 22 5
20 8 10 4
6 9 18 1
21 2 17 20
6 11 1 1
17 1 4 15
0 8 6 18
21 1 19 29
16 6 9 18
28 1 6 19
22 21 23 7
6 7 13 19
14 23 29 12
1 6 9 26
5 19 28 13
3 9 27 28
27 25 1 8
26 10 3 11
28 29 12 7
16 22 11 15
3 29 16 3
16 5 19 11
22 18 27 13
13 26 17 4
7 24 13 27
19 21 25 25
7 22 22 21
20 2 20 18
15 16 11 28
19 29 19 3
16 16 20 3
7 8 30 13
22 14 28 20
15 3 20 20
12 7 13 30
2 4 5 26
4 26 8 7
13 0 4 5
8 16 0 15
2 11 12 11
27 17 7 23
1 15 7 3
25 22 13 20
12 14 12 13
15 30 16 15
29 23 16 14
6 5 17 13
27 24 19 2
17 8 3 26
30 8 2 13
28 13 25 23
15 1 29 24
18 6 21 0
14 11 17 17
21 22 6 18
0 26 6 26
28 4 0 16
22 11 2 2
27 28 20 28
12 0 3 28
25 16 16 8
19 8 21 22
17 1 21 23
30 3 29 26
17 8 17 16
0 9 17 23
27 30 1 21
21 14 13 9
2 21 1 27
26 1 15 14
27 29 26 26
17 1 21 11
12 14 12 19
21 0 8 0
11 8 13 16
24 12 23 17
13 21 3 11
11 26 5 19
21 6 13 22
12 28 7 22
25 11 14 21
5 19 17 7
22 10 9 6
0 3 20 21
8 7 21 28
27 23 1 26
19 13 23 23
28 4 8 30
11 15 15 15
5 29 16 9
0 13 4 26
25 13 25 1
15 0 11 21
13 22 26 1
19 8 22 24
15 0 9 1
24 4 20 19
17 6 2 1
5 14 27 6
18 17 23 1
18 0 12 3
16 25 17 19
30 29 26 8
28 20 17 9
3 22 22 22
10 4 17 23
22 23 8 29
0 18 29 20
19 24 8 1
25 15 23 11
6 9 8 7
13 15 3 7
9 16 29 27
29 2 11 25
13 13 1 3
5 30 27 17
17 20 1 23
6 5 19 13
17 16 0 7
16 2 6 13
11 28 15 20
8 15 3 3
27 24 13 10
3 3 4 13
24 12 3 27
29 7 14 12
30 1 29 21
19 16 18 8
23 8 6 6
3 17 22 26
29 21 5 8
1 10 13 19
19 28 9 30
9 10 22 0
7 8 1 30
0 6 8 14
26 29 22 16
19 27 11 26
30 6 9 25
29 5 6 28
25 9 13 3
24 14 25 3
11 23 1 8
21 6 12 0
8 13 12 11
17 22 19 23
11 21 2 18
12 4 25 7
22 26 5 26
14 26 4 4
13 25 17 23
25 21 19 16
20 28 15 17
14 6 25 15
21 14 17 27
2 9 24 19
24 2 12 29
3 30 17 17
6 17 20 20
9 8 9 29
14 12 25 6
21 17 16 12
17 9 7 16
8 25 13 16
30 12 15 25
19 0 20 23
4 18 14 5
21 23 13 4
22 4 18 5
15 22 16 30
14 27 25 5
13 2 13 4
13 24 22 6
1 0 3 3
1 30 19 7
19 22 3 13
1 11 9 29
22 3 18 2
27 25 23 0
25 15 28 20
5 26 23 26
26 4 25 13
23 25 9 14
4 24 10 27
12 28 18 17
6 5 10 0
25 11 12 0
1 19 8 25
9 16 16 10
11 17 30 24
25 30 29 16
3 8 4 20
12 7 13 5
27 20 3 21
2 8 1 8
10 25 29 14
13 13 12 19
11 2 26 1
22 26 30 16
9 2 27 0
22 2 19 12
0 6 19 24
4 13 18 24
16 12 1 29
5 11 20 20
27 8 8 21
4 6 22 16
16 20 8 8
3 14 2 2
23 8 2 29
26 6 3 11
29 7 28 8
22 9 10 4
6 25 30 22
2 0 24 11
9 12 13 29
9 15 9 8
24 17 2 15
1 1 21 12
29 5 20 3
29 19 6 10
7 19 12 0
30 22 14 4
17 27 20 1
1 4 20 28
21 4 26 17
1 20 13 15
2 14 22 27
13 23 30 15
24 29 3 1
25 19 0 24
21 20 18 4
0 13 27 11
18 13 26 9
10 17 26 29
9 15 9 10
0 3 22 29
24 3 17 19
20 30 26 25
30 29 22 28
17 28 29 0
13 24 13 3
4 30 28 7
19 15 18 26
17 26 20 13
23 1 30 22
10 19 23 1
12 24 1 17
24 18 21 26
10 14 8 27
3 3 21 27
5 21 19 18
0 27 18 25
27 24 16 9
17 30 18 28
23 4 1 15
28 0 10 25
15 20 29 1
22 18 16 23
5 1 21 8
8 27 3 12
13 23 21 24
30 17 23 30
6 28 29 3
10 5 12 23
11 14 4 5
1 9 8 16
29 21 9 16
22 2 18 5
6 29 30 1
14 8 7 21
11 23 29 14
8 30 13 21
26 10 17 20
11 27 4 12
6 13 14 18
17 14 10 22
0 23 13 5
15 9 13 21
9 5 4 17
26 23 13 18
19 13 14 21
11 0 16 10
19 14 20 10
25 9 1 16
11 21 27 24
4 12 18 9
23 11 14 4
20 3 27 12
25 16 6 28
9 16 4 21
29 26 22 19
13 25 28 27
30 26 11 9
18 19 2 26
15 6 30 14
16 23 27 10
13 24 4 1
5 26 18 0
12 2 2 20
28 30 1 17
14 26 0 29
27 19 8 27
19 8 3 11
30 30 4 15
4 0 17 9
15 30 27 11
0 23 23 5
10 18 14 14
0 9 10 21
20 2 12 3