400
26 12 19 7
0 24 10 0
11 17 21 1
30 22 10 26
27 13 29 17
14 6 26 6
26 24 21 26
30 26 11 26
1 22 22 8
22 14 11 4
21 20 9 2
11 5 25 19
0 4 24 14
11 25 4 25
16 3 10 9
19 3 7 7
9 0 24 29
23 8 27 19
5 0 10 22
18 28 0 22
5 4 22 0
2 22 21 19
23 22 23 2
3 5 26 6
4 21 4 25
17 25 4 5
13 7 17 19
16 22 20 8
11 27 23 2
0 15 21 11
17 15 3 14
23 14 14 12
10 24 18 25
6 19 10 2
16 23 12 12
7 30 16 14
16 26 24 14
1 12 12 2
24 25 20 20
20 0 11 8
23 4 11 13
23 18 3 28
0 3 26 5
7 11 20 16
24 17 16 15
1 5 5 24
16 15 8 27
5 26 7 2
11 4 11 27
25 30 20 16
28 12 7 5
0 4 14 11
20 28 29 11
13 5 26 4
12 22 27 7
7 13 14 16
9 2 22 4
14 5 15 24
8 26 19 22
30 27 30 6
25 3 22 15
26 4 9 24
22 12 24 18
2 15 13 10
6 16 25 8
12 30 29 3
19 22 4 18
4 10 0 25
13 9 21 5
1 21 23 11
2 22 0 16
14 2 13 23
7 19 30 4
8 0 22 23
26 25 6 27
30 14 3 27
11 26 30 12
15 17 11 8
21 5 30 3
10 11 3 2
26 4 7 16
17 14 23 27
18 20 16 10
18 29 13 30
26 21 21 11
9 11 30 7
9 5 29 12
14 15 27 13
17 2 28 18
26 6 9 10
24 25 1 13
27 28 4 14
17 7 1 30
21 8 26 2
22 23 20 7
18 11 1 4
4 5 6 24
20 21 10 29
26 10 27 10
26 21 27 15
20 14 16 6
7 6 15 15
20 9 18 30
15 23 2 8
2 26 17 18
17 21 26 0
7 16 26 5
2 30 29 28
11 5 26 24
20 0 5 28
13 1 8 19
25 6 4 19
9 8 17 15
22 6 23 11
27 24 2 0
2 26 29 2
29 29 8 8
27 20 20 4
8 17 18 24
17 29 1 9
25 5 17 19
18 27 13 0
19 20 16 6
5 26 3 24
16 13 4 12
4 14 22 2
28 30 7 11
20 1 29 19
11 0 23 10
7 5 28 25
25 7 4 18
26 27 18 9
15 18 5 29
30 24 26 20
4 9 26 25
30 20 13 29
10 17 1 18
27 29 9 22
11 19 11 10
9 10 20 22
10 0 17 6
8 5 3 4
23 13 5 11
7 10 11 24
10 2 30 30
18 7 2 25
26 23 20 14
26 24 2 14
5 18 1 11
10 18 6 18
0 4 21 13
10 20 2 22
9 23 11 14
26 13 21 7
13 26 16 21
30 20 1 3
24 2 23 25
0 28 4 15
26 12 15 6
2 6 18 30
22 0 6 13
29 26 13 15
21 28 1 29
16 2 22 4
25 27 3 23
28 15 2 25
30 24 20 0
16 17 12 15
29 16 10 6
24 16 18 12
8 23 26 21
14 6 7 10
14 9 16 14
22 26 29 9
22 13 18 26
10 20 16 23
4 19 30 0
19 24 20 24
9 29 13 5
18 5 8 22
15 17 0 9
4 26 5 27
6 30 5 29
26 26 18 4
4 22 21 16
2 14 23 7
9 30 8 10
15 26 2 8
16 18 23 27
2 7 13 14
13 14 22 6
3 28 3 26
0 1 4 25
14 6 28 6
12 16 15 9
22 22 23 7
20 27 25 6
22 24 28 8
6 24 28 2
4 11 19 30
25 6 17 7
1 13 2 10
11 7 5 23
28 10 1 19
21 24 12 16
6 14 4 12
6 2 3 17
28 0 11 13
7 1 11 0
16 22 29 17
9 17 15 18
3 29 9 6
5 25 15 27
27 20 6 0
25 3 24 19
3 11 5 15
24 26 12 30
30 9 13 8
15 14 5 4
16 26 25 12
5 16 26 5
4 11 17 0
28 14 17 12
27 15 17 7
14 29 3 6
20 22 25 20
4 13 13 6
9 11 17 22
8 17 26 19
21 0 13 21
11 24 1 25
28 20 2 17
16 6 17 2
8 10 10 8
14 19 3 17
9 5 17 23
16 12 10 22
25 30 2 6
6 26 2 20
30 30 1 15
1 22 7 28
13 19 25 4
25 13 12 29
15 24 19 22
25 21 1 12
12 14 22 30
10 30 15 28
5 19 2 20
22 8 15 9
23 8 3 27
1 7 24 23
2 2 18 6
19 14 6 4
6 17 19 5
30 16 3 17
15 12 20 11
23 20 17 20
4 30 30 22
2 10 29 2
25 20 18 0
5 5 4 0
10 11 11 27
10 13 30 5
16 0 3 19
14 22 2 21
2 6 11 6
15 27 23 9
28 0 15 13
9 15 9 16
29 23 27 13
13 22 30 8
22 10 27 11
2 0 15 2
2 22 18 19
18 21 20 27
12 22 19 16
13 4 25 6
19 17 24 25
10 10 10 3
17 14 15 11
7 2 23 26
13 26 13 9
10 19 10 4
24 16 24 1
29 18 3 5
20 16 3 26
16 21 10 1
7 29 25 10
20 15 22 20
9 0 14 8
26 15 24 28
10 7 29 30
14 12 1 18
13 8 9 22
27 15 22 30
14 12 3 23
17 19 23 0
15 24 20 21
3 16 18 22
2 5 13 12
26 15 19 29
10 15 28 29
26 29 10 14
14 26 2 24
29 13 0 24
22 1 26 1
20 13 17 27
24 28 19 28
0 13 29 22
9 21 16 26
22 0 20 21
3 3 9 19
18 29 27 12
21 16 3 21
14 23 19 27
25 11 14 18
25 20 16 16
4 30 15 23
22 1 0 7
16 10 16 30
17 10 28 1
17 9 27 23
13 29 1 7
5 11 12 28
22 3 30 24
6 27 11 22
12 1 30 16
15 27 21 21
11 3 1 17
15 14 11 15
25 28 3 24
17 15 22 19
4 9 14 18
28 5 23 2
26 0 20 24
18 26 17 29
14 12 16 22
9 3 23 2
20 1 3 11
22 11 23 9
29 10 9 7
3 7 9 27
18 3 23 4
12 20 24 22
15 7 8 27
10 11 7 17
9 24 28 20
7 20 1 6
3 24 15 26
19 26 5 10
8 6 14 26
18 25 13 21
6 11 14 12
29 4 27 6
15 17 28 30
29 23 9 12
15 1 4 20
7 27 18 4
3 25 23 6
13 11 15 2
22 29 18 12
17 16 4 5
4 13 16 1
15 1 18 1
21 0 13 7
3 10 4 15
26 20 30 29
26 7 18 2
24 24 22 4
23 12 30 2
23 6 10 28
27 28 18 30
25 10 21 12
15 19 6 26
29 1 5 28
11 9 29 0
9 18 10 24
1 29 8 18
17 12 20 21
24 14 9 19
15 14 30 7
16 17 29 5
1 16 1 16
7 18 0 28
29 27 22 30
24 19 7 23
24 17 2 20
10 19 12 21
30 11 29 1
30 20 0 10
29 19 26 24
26 12 16 30
7 17 19 17
5 9 25 4
10 13 22 13
1 27 28 14
15 22 10 8
12 13 25 23
6 10 29 28
13 24 9 3