400
4 23 15 19
4 26 13 29
2 26 18 2
16 11 16 15
14 27 8 11
12 8 5 22
0 18 9 20
27 1 15 23
2 7 17 29
0 30 18 8
24 6 3 7
22 11 14 20
1 19 9 24
25 12 1 24
26 6 9 25
26 22 10 12
23 15 25 10
8 16 19 6
25 13 16 21
19 22 22 11
17 3 13 3
29 29 1 22
10 25 6 18
23 12 7 28
27 12 13 14
16 21 20 10
6 7 24 9
13 17 2 7
5 8 20 15
0 3 16 0
23 26 30 1
23 21 27 20
26 5 17 17
7 1 25 30
26 6 11 16
10 16 19 25
0 25 3 21
10 30 28 29
16 21 12 19
16 29 11 4
7 10 4 7
11 16 23 18
9 12 4 3
9 17 19 16
2 4 10 17
9 13 27 2
22 1 27 14
15 20 4 20
24 11 11 18
29 28 21 19
8 3 21 4
20 21 18 11
2 6 22 15
11 15 28 4
29 11 13 23
17 6 17 23
14 3 22 28
9 25 19 16
14 7 5 9
23 29 22 2
1 4 18 16
15 15 0 19
22 11 4 15
28 15 10 5
5 9 11 16
19 27 3 22
11 7 27 7
29 5 27 29
11 14 30 30
7 28 10 9
0 24 11 4
0 25 24 7
19 24 19 18
7 12 2 14
9 16 22 11
22 2 25 15
23 29 10 15
13 9 6 8
30 28 19 24
21 12 17 4
2 23 3 14
6 17 21 23
15 17 27 28
16 21 17 20
26 18 29 26
30 17 19 30
15 22 8 10
23 6 29 8
28 23 2 4
3 7 2 15
21 12 2 1
16 10 17 9
13 28 8 28
7 20 16 13
6 12 19 17
7 8 29 23
2 10 10 24
24 16 27 26
13 11 2 22
24 8 30 1
15 8 9 13
22 4 8 19
13 7 6 16
11 15 6 18
3 27 24 9
24 15 23 22
5 30 13 14
27 19 27 19
24 16 26 24
18 27 24 8
20 28 1 13
4 4 4 11
11 19 25 30
25 19 10 5
2 30 28 8
8 14 11 15
21 10 28 14
10 28 18 17
18 13 25 24
25 20 29 2
3 10 5 12
27 3 9 8
2 14 1 22
23 12 8 3
10 11 30 24
12 14 2 8
30 8 9 6
17 10 13 26
19 16 16 0
23 12 16 7
0 21 23 2
8 11 27 0
27 8 19 14
18 23 24 10
24 8 14 26
2 12 18 23
18 13 2 25
8 19 8 10
23 22 13 5
20 5 29 14
26 13 10 13
20 29 2 16
9 26 16 20
18 1 20 2
23 17 4 29
30 2 11 23
14 24 11 18
12 4 0 22
23 1 14 27
25 27 24 18
27 24 20 17
8 26 8 1
25 20 23 6
14 16 12 13
15 20 22 26
23 12 3 14
2 0 27 24
22 2 13 16
22 7 0 18
25 26 14 1
25 7 30 30
15 24 18 16
3 0 18 2
11 2 23 30
12 20 12 2
29 26 20 8
0 29 29 20
10 27 6 9
7 15 5 25
17 6 7 13
2 0 12 14
10 8 5 6
20 6 18 2
5 9 5 8
8 26 17 23
11 9 17 6
23 6 1 19
27 28 28 24
14 17 28 21
19 19 18 11
1 0 6 11
1 28 0 1
7 11 18 11
5 10 27 1
12 6 28 1
5 12 13 29
16 27 14 2
29 6 5 13
17 14 0 24
25 16 19 12
30 22 24 23
13 24 19 22
25 24 19 24
9 0 5 15
11 26 2 0
21 28 13 14
11 24 15 30
24 26 11 24
10 7 14 12
16 16 9 30
23 24 5 8
16 8 2 6
28 29 17 18
24 1 22 12
20 14 9 21
30 8 24 16
2 3 3 25
23 18 11 6
22 30 4 25
25 16 17 16
5 11 22 20
17 15 15 14
21 29 27 16
30 17 25 25
23 11 3 15
9 18 1 21
6 0 29 30
4 10 29 2
5 7 24 24
8 17 25 30
29 5 19 2
18 21 7 24
23 1 27 26
8 29 3 27
5 25 23 20
13 8 2 16
25 9 26 17
25 10 30 5
28 27 4 11
6 16 19 4
3 23 29 29
23 10 0 1
8 4 24 24
15 30 23 14
11 25 0 21
16 15 2 27
9 15 11 0
24 20 27 23
24 3 1 9
5 6 8 13
25 27 10 4
10 2 29 18
2 2 8 17
9 28 20 16
22 12 21 1
23 18 22 1
29 14 13 1
20 3 26 9
18 24 20 0
17 6 15 11
19 22 6 16
6 2 11 3
4 19 3 28
7 28 12 25
4 7 18 25
21 29 17 15
22 25 26 11
7 19 3 4
26 9 30 25
3 10 26 10
15 17 23 14
11 0 4 15
17 16 7 0
22 15 20 21
11 4 7 5
16 27 27 3
7 10 9 2
21 9 3 7
14 6 15 6
30 22 1 5
6 7 12 17
8 11 10 1
9 4 4 25
26 30 15 0
6 24 30 16
14 3 0 29
16 14 1 3
2 1 29 21
22 26 9 30
20 20 10 13
19 9 20 21
4 23 11 27
8 7 3 24
26 23 18 16
9 26 10 13
6 9 2 11
2 23 3 20
12 20 6 8
3 10 23 14
11 16 4 27
15 1 26 21
12 26 30 14
11 6 7 2
30 23 30 1
5 30 23 13
13 7 5 15
17 24 15 15
13 4 22 13
27 11 8 8
25 17 9 29
22 19 12 24
9 11 26 29
20 5 16 2
11 13 12 1
2 20 12 13
9 19 10 15
29 4 22 6
2 27 8 1
8 4 26 16
28 15 12 3
24 12 11 8
2 10 19 27
3 30 25 23
11 11 19 24
10 0 27 3
3 21 29 8
22 9 11 25
16 19 19 24
26 9 5 3
26 21 29 15
10 14 5 14
3 11 9 3
5 25 17 29
0 0 25 15
0 26 8 15
4 22 5 23
11 23 14 8
1 4 19 18
25 21 29 15
24 29 7 26
12 4 13 8
0 4 30 10
1 24 11 4
16 21 4 21
17 27 28 14
30 14 6 27
25 26 11 23
11 19 2 12
25 13 18 18
14 21 13 0
10 23 3 24
4 10 17 16
16 28 18 8
25 22 28 30
21 6 9 28
25 18 10 14
13 9 14 3
15 29 18 26
21 18 30 25
19 24 12 1
5 13 15 18
7 27 9 6
12 5 20 5
29 24 15 9
8 30 20 28
14 19 30 20
1 1 24 26
27 6 15 6
30 7 8 6
4 25 7 2
6 8 28 11
4 18 14 13
6 12 1 15
5 26 10 7
24 20 13 21
23 19 11 7
12 30 24 5
6 20 10 30
17 5 26 15
30 24 12 7
17 18 13 21
2 5 28 10
19 26 16 3
2 25 12 15
21 5 22 4
5 27 1 21
3 15 30 25
22 0 11 24
6 13 19 28
18 13 23 13
17 26 11 18
13 29 30 28
8 3 12 17
28 25 13 8
16 20 0 4
14 1 15 18
23 2 25 12
2 14 5 20
13 0 1 23
9 3 16 11
24 12 12 3
1 29 12 22
24 10 1 13
24 13 23 29
23 21 27 9
19 5 6 10
23 14 19 4
18 11 5 0
28 27 27 15
17 12 14 4