400
24 10 4 27
18 19 27 27
10 14 22 21
21 18 24 1
6 6 15 26
14 5 25 26
29 1 22 8
13 2 26 10
26 27 4 5
8 6 6 3
21 19 14 20
21 28 2 26
20 24 12 15
24 14 27 21
27 15 12 26
9 3 13 9
22 7 10 4
3 15 27 21
30 14 22 14
9 17 6 9
20 8 0 1
9 17 4 16
28 26 7 23
13 10 18 30
14 28 30 29
10 2 24 1
22 4 9 20
0 0 27 9
23 3 1 1
21 11 20 4
26 28 1 0
3 24 26 17
20 6 9 14
21 0 27 3
18 12 3 26
10 11 13 26
20 19 12 12
11 27 30 20
26 11 8 16
6 21 14 2
12 29 30 10
1 11 10 26
24 6 9 1
27 13 13 13
24 17 25 14
22 21 10 9
26 15 30 8
10 27 28 2
27 18 16 18
2 27 0 28
13 29 11 1
18 27 24 7
17 18 12 22
1 13 27 0
6 24 22 9
29 20 7 12
1 26 17 2
18 20 0 4
11 11 17 19
20 15 21 20
24 21 24 17
16 15 13 20
8 16 10 1
4 14 11 17
2 7 12 11
7 12 30 9
15 11 12 3
12 25 14 11
7 18 9 28
2 30 11 26
13 19 9 3
13 17 20 17
21 3 5 8
15 21 14 6
9 13 6 27
4 12 30 2
6 6 4 20
24 8 4 3
21 17 2 0
21 15 13 2
14 3 6 2
2 25 9 22
24 2 19 10
16 27 29 3
5 13 24 24
14 18 4 4
7 29 26 18
13 10 22 15
8 29 10 12
4 18 8 12
7 12 21 3
14 3 28 15
19 29 0 30
22 2 23 21
29 5 18 11
26 14 26 11
18 14 15 10
4 15 16 26
29 21 21 4
7 5 5 20
24 13 2 4
12 4 20 4
25 17 3 3
26 6 1 27
0 14 17 23
2 27 23 14
2 12 26 27
24 27 24 23
26 0 18 15
19 11 9 11
3 7 6 7
4 17 25 20
0 14 10 2
0 1 30 5
20 2 25 17
23 11 16 5
27 22 0 16
2 17 8 25
27 15 20 24
19 4 14 6
3 20 6 15
15 6 20 17
0 13 30 7
29 28 6 4
19 0 14 4
25 20 8 18
5 6 2 0
3 21 14 15
17 29 16 17
1 25 15 21
11 3 9 16
5 1 13 1
6 29 14 29
8 7 2 21
0 20 16 17
0 19 22 12
6 0 18 8
16 11 10 21
5 7 30 27
9 3 22 15
0 7 18 24
24 14 30 15
7 4 17 30
4 16 21 28
0 26 17 5
8 17 15 10
20 21 8 8
13 30 22 26
20 26 21 7
1 5 0 7
26 11 12 2
28 1 18 11
15 24 30 19
28 29 1 10
27 6 8 6
1 5 7 4
16 30 18 26
19 25 0 9
27 18 8 24
19 26 13 13
19 2 30 5
6 15 25 0
0 24 3 16
1 5 27 3
2 2 5 17
7 12 12 8
18 30 7 0
5 3 20 17
14 11 6 16
2 24 7 21
18 17 29 23
2 17 15 21
27 8 22 26
25 1 16 24
23 13 25 25
30 25 17 21
19 28 0 16
20 18 3 9
23 28 7 24
27 18 15 13
9 2 2 6
6 28 2 16
9 23 25 27
22 19 16 13
28 21 25 22
30 24 29 6
19 22 23 23
13 28 25 6
23 6 0 5
21 9 21 19
8 6 28 0
12 19 2 26
8 16 30 22
10 1 12 30
9 11 20 15
27 0 23 11
11 8 25 22
3 22 27 4
28 29 8 8
27 20 28 12
18 13 0 5
25 28 19 20
5 12 10 8
26 16 19 15
7 26 6 11
5 7 3 21
10 11 29 15
29 23 26 8
24 12 13 23
1 11 6 20
29 8 17 23
20 8 18 8
23 23 12 23
7 21 11 2
10 24 10 28
28 13 28 23
10 1 15 23
7 2 10 16
11 15 5 21
5 20 14 3
3 20 13 0
13 3 13 5
30 1 2 13
4 23 7 13
30 18 19 24
18 12 22 4
15 19 10 16
6 1 14 18
16 6 10 25
0 16 29 26
27 1 5 25
7 16 5 3
22 30 19 17
3 13 4 21
27 13 28 22
7 6 15 11
12 26 20 17
0 22 26 22
5 8 12 1
17 26 22 0
29 29 30 25
26 8 3 21
21 13 10 26
9 29 21 1
26 7 12 22
2 16 23 11
19 7 20 6
22 3 10 20
20 2 7 13
2 6 26 3
1 29 6 16
1 23 28 19
11 20 26 21
20 10 29 1
6 8 11 20
4 7 24 14
30 27 2 9
26 11 3 27
27 5 10 19
15 13 15 22
30 23 2 5
1 16 27 14
27 16 9 6
18 14 12 8
28 13 30 8
17 13 9 28
11 25 4 12
22 18 19 28
16 4 14 14
0 18 2 7
23 17 20 15
18 10 17 16
22 25 19 23
25 8 15 15
30 1 18 24
2 20 12 23
9 8 0 8
12 14 13 25
7 8 2 6
20 20 26 4
9 6 13 13
16 8 28 4
8 30 9 19
27 21 7 28
20 12 26 2
26 30 24 28
22 2 5 22
23 15 18 18
30 13 18 28
24 21 18 20
5 25 7 11
25 1 24 22
28 25 16 23
21 0 25 3
28 13 9 27
8 5 26 17
23 24 21 10
16 6 18 23
15 21 18 18
3 3 13 25
4 16 11 15
17 12 0 14
18 12 21 22
29 7 1 29
10 10 0 15
15 16 0 23
29 0 18 2
3 4 14 16
5 14 2 30
24 24 18 26
30 3 12 5
12 12 26 10
6 13 30 25
24 26 21 3
29 5 5 29
15 5 11 7
28 2 20 15
8 12 13 0
18 10 23 16
4 29 16 5
3 24 14 16
27 25 25 5
2 4 1 15
27 22 13 30
17 26 13 18
12 7 29 30
26 23 7 11
10 22 18 8
11 26 0 20
27 24 20 16
3 11 0 4
29 25 8 4
3 16 18 26
18 28 4 24
14 5 2 14
12 15 7 22
2 20 21 1
9 26 29 5
29 12 4 23
3 28 22 12
29 28 30 2
2 10 6 28
12 17 8 12
26 11 11 7
29 12 6 19
25 16 22 27
24 5 17 19
30 18 14 5
11 19 8 14
27 15 27 16
29 28 10 1
19 30 11 23
12 28 20 24
8 22 25 10
19 21 23 10
11 6 3 24
14 10 26 10
18 11 29 18
9 5 21 4
24 30 30 20
15 23 7 4
16 20 22 0
3 10 11 16
24 30 14 14
2 21 29 27
0 25 17 27
12 16 9 8
20 16 12 5
12 22 17 0
15 4 29 25
1 30 7 11
17 8 2 25
14 1 8 16
16 23 1 13
16 8 25 0
27 29 27 2
18 9 19 10
14 14 24 17
0 14 29 8
28 19 2 23
27 22 19 15
13 5 4 0
16 6 6 11
26 1 8 15
2 5 7 15
19 22 29 19
16 5 0 1
16 30 13 28
14 19 21 27
8 21 1 25
23 20 1 26
5 28 9 4
13 24 8 6
12 22 26 14
0 6 17 8
10 24 15 17
6 20 28 15
15 13 5 15
17 5 27 21
7 28 11 10