400
27 16 27 17
7 1 29 4
2 12 8 5
9 10 3 25
2 21 30 11
3 6 3 0
27 5 5 5
3 24 22 29
13 25 6 23
0 20 27 29
11 11 15 17
30 9 24 4
28 0 20 15
6 14 15 2
19 23 16 16
8 22 26 3
6 10 24 20
4 7 22 6
19 0 16 25
23 5 12 12
30 11 10 14
19 8 12 3
11 23 13 7
7 16 5 8
29 18 27 7
24 3 22 7
7 20 9 15
29 24 14 9
12 1 8 5
5 11 10 2
4 21 11 11
24 20 11 14
9 0 18 17
15 26 29 19
10 12 10 12
5 28 3 19
1 0 9 18
2 2 18 18
23 18 7 28
20 29 12 28
26 12 24 21
15 5 16 5
13 15 20 8
27 24 17 26
6 4 28 4
3 14 9 7
18 12 20 29
26 10 12 30
3 1 12 12
21 29 17 14
28 23 10 9
26 8 15 25
3 30 4 29
1 14 26 5
0 3 1 11
6 16 18 21
7 10 4 24
3 22 17 0
21 15 22 7
29 23 18 29
15 27 27 29
24 7 13 4
15 2 24 25
0 29 11 12
17 15 15 30
17 26 15 15
7 20 20 25
4 11 22 3
13 14 22 21
2 18 6 9
13 5 14 26
28 30 15 14
6 30 21 0
6 2 12 25
2 25 24 7
29 2 9 12
15 3 18 21
29 6 5 10
6 17 29 1
20 25 25 1
4 1 18 28
6 4 3 14
10 14 10 3
7 27 0 30
27 3 1 16
9 27 20 3
26 13 17 13
26 9 11 27
30 30 13 2
10 24 29 18
21 1 7 11
1 13 18 15
24 28 14 17
6 25 7 4
30 0 30 18
12 11 2 25
5 25 3 20
9 30 2 19
2 19 14 3
5 1 1 18
21 15 28 5
18 10 30 24
23 14 23 14
0 14 7 3
16 15 23 21
30 11 1 28
27 6 26 24
8 24 16 24
4 7 14 22
7 18 27 28
13 21 25 18
7 29 12 22
27 28 16 0
11 0 0 19
27 8 7 10
18 24 20 2
27 13 6 8
15 28 12 3
8 20 19 4
9 2 21 14
27 26 22 15
11 5 28 20
21 13 25 18
27 20 5 18
20 14 22 3
17 5 1 0
20 18 22 6
3 12 8 1
13 1 4 23
1 15 15 29
11 19 19 15
7 2 2 6
17 14 12 7
30 29 23 27
19 9 17 3
8 17 30 14
0 26 18 28
8 28 28 23
21 23 11 25
30 11 28 13
30 10 3 11
3 19 19 28
0 27 4 1
28 23 19 13
28 25 9 29
12 26 7 23
15 22 1 21
30 13 20 9
13 23 22 22
4 14 1 21
26 27 19 9
25 19 14 5
5 17 29 20
0 15 11 23
15 5 1 19
8 21 27 30
18 7 23 21
1 23 3 26
17 8 29 23
7 10 29 5
29 13 22 26
4 1 12 9
29 27 18 5
6 9 13 22
3 4 2 9
20 28 10 26
15 7 12 5
3 2 11 11
28 2 4 19
29 9 24 5
5 14 22 14
3 4 19 3
22 3 3 5
26 10 14 9
6 11 3 1
29 23 14 13
0 5 22 12
2 19 10 24
10 2 29 23
26 4 9 2
4 26 27 7
2 28 15 5
11 21 13 15
5 20 21 17
4 25 12 25
18 12 1 23
5 24 9 28
18 2 6 18
14 10 20 5
30 20 15 22
28 16 12 14
5 14 0 16
28 13 8 1
3 30 28 7
26 14 27 24
7 14 28 6
30 28 14 28
15 18 16 9
1 23 6 25
1 13 7 6
30 2 28 26
24 9 20 0
15 30 3 24
5 5 2 24
17 26 24 17
4 16 12 6
20 19 23 8
10 29 10 16
20 20 12 15
20 3 11 13
5 23 8 8
13 30 22 5
14 18 15 16
18 24 1 14
6 4 21 22
30 20 13 7
21 6 19 18
16 0 19 7
7 11 21 24
2 6 0 17
4 30 24 23
21 29 30 6
28 0 16 14
12 0 17 0
23 16 16 21
23 8 30 2
20 18 5 14
1 28 1 15
10 27 9 12
7 3 14 14
26 4 19 21
14 23 24 16
6 23 27 14
19 20 23 11
17 2 22 4
2 15 17 2
19 8 4 30
15 4 20 28
20 23 16 21
22 1 23 4
13 16 3 6
1 0 25 16
20 0 7 24
13 22 14 5
30 27 22 25
20 25 15 5
21 21 30 27
17 28 29 15
18 6 27 24
22 10 25 2
30 11 20 19
30 12 2 20
21 21 23 5
4 18 6 18
13 30 1 16
29 2 0 24
23 7 24 29
20 25 18 25
5 3 12 29
2 5 27 25
18 20 12 26
30 17 28 11
16 24 21 19
3 16 27 5
12 17 3 16
11 20 2 0
22 3 11 17
12 18 23 3
7 6 8 25
7 0 14 24
27 30 12 5
2 4 26 2
9 12 23 19
15 20 24 17
28 12 26 23
6 8 3 26
0 3 2 5
30 29 14 17
1 1 13 0
14 24 13 7
14 21 20 4
18 6 26 14
24 12 29 12
7 3 13 1
27 29 23 0
25 16 2 10
26 8 10 22
30 28 22 23
14 13 27 24
8 6 26 15
9 16 14 1
27 2 19 21
16 10 22 4
5 8 23 29
0 7 4 30
7 3 16 14
5 2 20 5
8 23 1 11
25 23 6 30
27 12 12 24
25 21 12 22
22 2 27 4
28 16 16 1
15 12 9 29
8 28 16 0
25 18 18 30
6 19 6 14
11 5 18 7
17 24 6 22
5 28 28 12
16 14 17 13
29 22 7 10
6 5 4 15
16 2 3 22
10 7 6 29
18 2 4 5
16 17 24 2
14 15 1 0
3 1 2 19
29 19 28 17
1 14 22 5
22 2 0 14
13 12 1 26
10 1 8 4
27 20 17 17
5 6 17 8
11 10 4 17
5 29 1 22
15 0 5 14
20 2 2 2
11 13 30 16
15 2 18 27
8 30 2 1
10 14 8 11
26 2 26 29
7 14 23 4
15 5 5 3
26 30 7 15
15 8 29 3
20 28 5 6
13 1 3 15
8 15 15 16
17 12 19 15
21 14 26 14
30 24 22 19
5 16 2 18
14 4 15 22
16 12 19 23
17 0 21 27
3 15 17 29
27 6 1 23
30 4 13 1
29 29 13 6
0 23 7 23
11 2 19 30
1 2 21 29
4 2 26 26
12 0 3 21
28 13 30 15
10 29 21 17
19 15 12 11
14 14 17 10
16 20 15 10
22 14 17 21
13 19 15 21
28 16 6 18
11 26 7 10
30 1 26 15
26 16 19 4
25 30 16 4
10 20 15 10
26 0 14 9
2 11 8 24
30 0 17 24
10 16 25 11
2 3 30 11
7 21 25 22
10 3 19 8
27 3 30 11
2 7 11 21
26 4 28 21
0 30 21 1
2 5 27 28
21 18 8 4
16 9 8 8
18 10 6 16
27 5 3 30
16 16 5 27
9 3 0 19
9 3 2 12
24 17 22 24
20 11 5 15
7 23 19 28
1 9 27 13
22 4 7 8
29 5 13 2
5 13 30 20
1 30 0 21
18 21 11 22
16 9 18 22