400
23 3 30 23
28 3 13 7
23 30 13 13
30 19 18 21
16 26 16 10
4 5 4 11
16 11 16 9
17 10 20 11
7 0 17 6
11 19 0 3
18 0 15 27
9 10 14 27
23 10 13 8
30 7 7 27
8 8 4 21
13 18 10 14
18 20 30 6
5 23 25 3
27 20 25 18
23 0 10 30
25 13 11 23
11 22 30 22
20 9 9 19
26 2 7 9
20 21 12 3
21 13 15 0
25 7 30 13
24 11 3 2
15 8 19 21
6 9 1 20
2 8 6 10
22 8 4 20
21 22 0 1
7 10 4 6
4 21 28 13
27 2 17 12
20 11 21 16
24 3 16 8
28 16 8 13
15 0 10 28
16 29 17 17
5 1 18 30
24 28 28 22
20 16 5 25
4 16 3 27
22 9 2 1
25 2 25 19
27 7 14 15
19 1 4 25
18 12 4 26
20 9 7 28
2 19 12 13
26 30 27 2
8 25 0 27
11 15 26 25
11 15 26 29
30 16 3 8
28 30 1 0
7 7 1 27
1 24 24 26
28 6 16 17
8 11 19 17
13 22 2 21
30 7 25 28
18 21 18 2
3 7 14 4
8 8 25 26
3 22 24 7
10 7 11 5
11 18 2 5
3 8 2 11
12 16 26 11
16 3 26 28
0 0 26 11
16 8 24 13
8 1 2 17
4 22 18 14
21 2 23 13
12 9 23 4
23 12 21 23
5 19 22 11
11 16 21 5
19 10 9 11
25 11 11 8
16 27 5 22
21 2 13 14
4 0 16 20
14 29 27 30
6 2 1 27
9 12 16 20
13 4 29 12
1 18 10 18
20 30 20 27
0 29 18 9
6 19 24 17
16 2 8 15
10 12 22 4
18 8 27 13
8 16 26 4
12 8 4 19
27 2 9 27
7 22 6 8
1 22 19 24
27 17 24 19
7 3 15 15
26 17 14 16
15 1 28 5
28 25 30 23
30 12 19 27
17 9 30 28
22 4 4 25
26 0 18 4
21 25 5 28
28 24 9 15
21 18 20 9
26 10 20 30
5 23 13 19
23 13 5 24
28 27 16 28
8 16 4 25
8 7 22 16
26 7 28 2
8 10 29 28
15 1 30 21
8 9 16 17
12 9 15 6
26 21 18 22
23 14 14 25
7 23 29 13
23 8 20 5
21 23 6 29
29 1 10 2
6 4 23 19
11 7 27 2
28 1 27 10
8 23 25 2
8 0 15 10
17 11 3 19
8 30 13 18
9 20 30 16
25 18 27 26
17 19 16 27
15 26 24 29
24 22 4 28
24 21 15 0
18 16 27 6
20 2 6 0
26 8 2 20
5 28 7 27
8 9 0 10
30 12 25 15
9 22 25 3
15 11 1 26
27 12 25 15
21 24 24 27
11 10 16 3
24 4 25 27
27 13 7 27
4 14 1 5
12 0 23 5
2 21 0 8
11 28 18 12
28 4 4 22
30 14 17 12
28 12 28 3
3 19 10 1
28 8 23 27
4 4 28 7
15 11 19 9
8 13 23 18
23 13 22 17
22 17 7 8
25 16 10 22
18 16 3 9
0 5 25 25
17 28 25 14
24 29 11 12
18 3 5 5
18 1 0 22
28 16 26 19
19 28 14 9
28 17 28 30
17 13 29 29
29 6 4 12
13 10 3 25
9 4 1 9
25 1 19 3
13 14 11 18
22 12 12 16
4 21 25 27
12 24 20 0
26 26 21 25
0 12 1 11
30 10 19 18
14 28 24 13
19 25 22 9
8 30 27 18
5 22 21 16
6 11 4 1
0 4 26 25
16 23 23 5
12 9 16 9
25 6 10 3
25 27 4 26
26 5 26 3
3 3 0 17
8 27 6 3
13 29 5 4
5 17 8 19
24 0 22 15
20 2 1 21
11 6 2 26
29 2 30 6
12 22 18 10
13 3 4 29
9 20 2 7
30 29 16 28
7 21 11 21
0 18 16 5
13 19 27 0
20 27 16 24
13 7 2 17
6 30 23 7
18 24 6 0
19 20 14 15
7 13 27 0
11 3 11 29
22 9 23 29
29 26 17 1
27 1 8 23
29 26 13 21
2 18 15 0
5 13 18 6
27 22 25 29
19 1 28 0
26 3 22 19
26 23 4 29
28 23 11 21
25 27 15 29
28 21 25 25
23 18 18 17
27 27 0 8
15 5 26 6
25 25 4 3
11 22 28 30
25 1 24 24
6 15 4 24
17 29 21 25
3 5 2 6
12 14 29 10
21 18 12 19
14 11 19 18
22 4 24 15
10 25 27 3
19 24 10 15
29 21 19 10
9 14 10 23
29 2 7 27
22 21 20 23
30 5 6 17
16 24 20 27
15 29 25 17
16 7 15 7
4 20 3 14
17 2 4 17
25 3 29 15
17 27 8 1
2 18 17 28
0 23 18 30
16 19 22 2
7 18 24 27
18 25 0 22
24 13 14 15
30 23 29 4
8 29 29 4
14 29 9 9
10 11 1 4
7 8 28 11
27 15 14 4
26 1 0 23
8 9 26 20
29 21 23 0
26 6 6 15
18 4 11 4
14 17 2 1
23 9 11 28
1 1 18 6
16 2 20 26
0 24 30 3
19 10 6 2
29 2 20 20
2 5 5 16
14 22 12 6
7 30 15 15
20 13 20 5
13 27 23 15
14 3 8 4
9 25 9 27
28 26 15 10
20 4 11 4
28 25 9 16
25 15 7 10
23 25 12 12
3 16 5 28
12 14 0 8
5 11 28 25
25 4 2 22
8 11 6 26
22 25 28 12
5 9 2 1
21 11 28 28
15 24 24 19
22 0 11 9
11 11 29 29
10 6 8 29
22 6 27 17
26 8 15 16
29 20 13 16
28 15 11 13
18 23 6 22
21 21 11 8
18 15 3 8
23 20 11 20
11 17 22 28
14 17 0 26
29 18 24 18
13 29 24 11
15 4 29 5
20 13 16 11
16 7 1 14
2 16 3 14
30 13 4 7
16 19 11 20
12 30 18 17
8 28 30 23
22 8 27 9
3 30 4 8
7 11 30 2
5 23 16 13
10 13 1 21
10 2 4 30
29 24 27 24
18 0 20 12
3 19 1 14
22 10 9 8
15 11 3 23
10 8 11 11
15 5 25 20
14 12 23 23
22 30 10 12
12 23 25 13
10 3 6 20
9 2 17 0
10 5 30 3
19 25 19 9
23 0 2 16
22 16 13 27
10 15 20 21
28 1 16 30
17 15 7 10
5 26 19 25
12 1 12 9
22 24 2 5
28 2 22 23
24 30 30 7
12 29 10 26
27 10 23 6
12 30 2 8
24 0 21 0
6 23 13 24
18 7 12 9
27 2 3 9
20 17 8 15
8 9 13 29
25 17 13 5
6 18 24 19
2 9 21 25
21 18 21 13
25 10 26 1
12 8 16 26
9 16 25 15
10 16 27 5
15 8 30 7
2 21 0 30
7 9 15 1
20 8 12 17
30 11 22 7
26 8 7 10
4 20 11 16
24 30 8 21
9 19 30 23
9 28 8 30
16 10 1 21
17 24 5 12
14 15 20 10
3 12 27 17
28 8 15 13
28 27 30 1
2 26 8 6
20 8 3 28