400
30 27 7 28
11 9 13 21
20 19 15 21
25 9 17 6
15 20 19 4
11 4 26 8
15 28 20 24
11 24 18 17
22 8 7 27
5 21 4 27
13 9 2 25
25 9 23 5
2 8 30 29
26 12 21 14
22 26 23 17
19 4 30 12
10 0 16 6
15 20 30 4
21 16 20 30
7 12 19 23
20 26 16 25
5 12 3 2
15 21 22 27
8 10 21 26
29 29 2 20
7 24 2 23
14 2 30 19
29 30 1 13
16 0 30 14
2 24 18 12
30 24 27 7
14 14 16 2
6 30 14 23
26 21 3 6
4 13 27 10
11 7 25 9
26 13 30 7
23 22 26 17
30 26 14 2
14 28 11 25
17 4 8 20
3 0 27 15
30 10 6 14
26 16 6 9
27 16 4 7
30 21 19 29
15 8 30 14
28 23 21 27
9 25 5 17
4 5 20 8
30 20 20 11
25 1 0 8
21 15 0 2
26 26 28 12
30 22 5 27
29 0 0 0
22 30 15 6
20 7 15 27
18 4 13 24
2 23 11 16
7 28 10 24
4 7 7 30
18 30 3 24
9 22 7 14
15 30 24 19
21 22 7 11
19 12 21 15
14 10 6 2
30 24 15 13
5 19 21 22
0 21 1 23
9 10 5 20
0 30 6 0
20 4 23 3
24 28 14 19
27 25 16 9
2 16 23 17
27 9 19 25
16 21 28 23
21 28 7 24
17 18 6 19
10 22 20 8
15 27 19 28
10 14 11 21
19 1 27 30
19 21 11 26
14 8 2 1
10 12 7 27
25 25 9 8
12 10 6 22
14 9 26 19
24 10 9 26
2 1 28 13
29 4 27 15
16 18 14 22
10 24 15 29
19 15 5 3
9 5 3 2
3 6 26 11
0 21 23 25
28 28 12 3
26 3 20 25
18 20 25 19
30 22 5 20
9 7 0 19
11 22 25 13
5 25 10 13
4 26 8 10
30 21 24 25
13 18 27 5
0 6 19 22
11 22 26 25
23 10 7 3
23 24 26 30
21 17 5 22
18 9 5 7
20 0 18 21
13 13 5 5
19 26 27 19
14 22 12 8
4 22 2 28
8 0 21 21
15 11 6 11
23 7 5 7
28 21 0 15
12 7 3 18
19 23 18 23
2 11 15 14
9 27 11 3
11 8 9 11
16 11 13 3
16 21 7 5
6 19 28 29
4 15 5 6
17 18 13 17
3 7 11 10
28 14 6 9
19 8 10 17
3 18 29 8
14 29 14 14
13 8 7 14
26 14 15 11
24 6 14 12
24 30 15 28
9 5 3 6
17 30 10 16
11 8 22 23
5 15 11 3
18 27 17 1
19 24 18 6
16 19 19 3
0 24 14 21
28 16 11 4
8 14 13 20
25 14 28 3
26 1 4 30
2 6 4 30
22 12 28 16
20 18 21 14
8 21 24 11
4 28 29 5
4 17 12 19
17 2 6 30
15 7 25 12
23 7 18 21
11 1 22 7
8 7 1 25
19 20 25 15
12 15 12 7
27 20 5 11
23 3 30 3
24 27 6 10
20 1 24 26
25 7 16 20
4 6 24 19
27 23 17 28
8 12 28 17
9 12 26 25
1 21 17 10
6 15 0 15
11 4 11 11
12 10 29 9
18 30 2 1
18 13 14 28
26 19 20 9
2 18 13 16
23 13 18 23
10 16 26 2
5 6 5 13
13 2 19 21
3 2 8 29
3 10 23 13
28 28 0 20
30 6 8 12
18 26 13 7
18 19 15 21
14 10 19 12
28 30 6 7
8 0 9 5
8 20 5 20
21 3 19 11
8 21 17 21
29 13 23 19
13 9 30 0
5 24 0 10
8 6 12 20
1 28 29 11
12 12 28 8
12 9 15 10
5 2 12 22
19 20 8 6
25 23 8 14
25 24 17 28
10 14 20 18
3 19 24 18
11 15 22 8
8 9 20 5
3 8 20 1
9 15 3 15
9 19 9 26
19 29 4 17
30 26 11 26
22 12 19 5
21 3 8 18
3 27 15 10
11 17 0 16
21 4 11 17
2 13 26 5
4 11 19 17
8 21 24 14
12 3 20 4
16 9 14 26
12 19 1 30
12 30 24 22
0 28 0 1
9 21 19 5
30 15 10 1
12 26 13 16
24 2 29 25
5 6 9 21
26 3 1 8
3 18 14 27
1 2 23 0
17 18 13 9
2 9 14 13
26 14 25 8
16 16 13 22
18 4 21 21
8 18 18 10
21 20 0 29
16 14 10 29
4 16 17 28
29 21 13 14
19 19 8 17
9 21 2 26
9 10 7 19
10 28 25 3
25 9 7 18
14 23 7 29
2 23 9 12
3 3 25 15
17 1 24 2
0 12 10 6
9 10 15 5
10 25 16 18
23 1 15 0
17 30 26 19
4 19 23 25
0 17 10 17
23 14 11 28
3 6 12 30
10 20 24 16
18 22 1 24
27 0 2 14
11 13 21 5
17 26 10 7
23 30 5 10
8 17 19 1
0 14 22 4
15 2 11 5
11 2 26 28
21 11 5 2
16 30 9 18
29 13 21 29
22 19 29 23
17 28 10 16
12 7 13 26
21 8 27 21
6 21 25 29
4 5 30 23
12 8 17 1
20 5 16 28
21 5 9 9
24 12 0 4
16 27 13 3
30 21 16 21
21 1 1 17
15 10 2 5
6 0 19 13
28 30 15 16
5 18 11 0
25 11 6 9
18 10 28 12
8 30 21 14
8 10 13 21
26 27 22 23
27 26 21 27
2 4 29 11
24 18 6 8
30 11 27 13
30 5 12 7
21 9 0 16
15 2 10 8
18 5 0 21
30 14 14 4
27 6 1 3
15 14 7 29
13 23 6 30
12 30 15 2
18 0 21 12
12 13 8 30
14 17 0 3
21 13 7 28
3 19 4 12
1 13 28 3
13 10 2 29
27 6 11 8
14 15 4 6
24 12 25 5
7 30 16 27
18 13 2 17
29 11 18 7
30 23 15 24
28 28 14 10
12 10 30 7
4 6 17 26
2 12 12 3
12 14 10 5
27 14 29 6
26 4 6 19
4 28 1 27
20 24 21 16
20 13 21 4
9 11 26 6
17 23 2 12
3 22 27 16
8 20 1 3
2 7 15 18
8 24 12 20
26 14 13 15
21 14 22 0
18 22 21 15
8 26 17 1
15 14 28 22
20 4 0 29
10 13 11 20
20 1 0 26
14 18 17 1
10 21 0 15
2 25 20 21
13 12 20 9
14 30 18 19
27 1 30 12
11 16 11 9
7 27 8 12
7 18 22 0
21 12 15 16
18 17 13 7
13 13 13 20
22 10 9 17
17 28 16 23
3 29 4 1
6 5 29 9
8 1 15 3
30 12 1 8
12 19 7 6
12 23 14 8
18 24 4 24
29 16 0 11
18 8 11 20
18 9 5 13
9 30 9 5
11 26 14 25
2 0 26 17
12 15 28 2
18 10 6 20
9 26 23 28
7 10 4 11
6 20 23 17
13 29 15 2
9 13 20 0
15 15 11 4
16 24 28 28
6 25 5 1
17 9 9 24
24 25 0 8
20 17 16 27
14 11 5 7
5 18 11 4
30 20 28 25