400
23 9 30 23
24 12 16 0
13 25 9 28
14 3 21 19
14 27 16 24
30 24 1 26
16 19 11 30
25 15 8 25
17 24 22 2
1 9 25 17
6 7 23 28
11 29 6 22
14 13 23 2
9 12 29 8
27 29 8 21
22 2 5 5
23 2 15 15
11 9 21 5
30 3 15 14
28 20 18 3
25 8 28 6
19 8 7 18
0 21 6 14
9 0 4 21
28 27 17 25
28 19 6 8
3 11 1 12
10 25 29 7
8 24 9 9
2 21 14 7
21 2 22 8
24 24 27 18
8 11 17 0
8 26 18 9
17 6 13 29
12 10 20 15
13 27 20 19
26 5 13 19
22 20 17 1
14 11 8 0
9 0 19 19
23 6 13 11
20 19 24 27
18 26 1 28
19 18 16 15
5 10 9 5
10 11 4 1
17 0 16 10
16 7 0 2
0 0 21 27
26 28 18 6
19 16 8 27
14 9 0 11
6 29 14 11
4 13 12 25
5 19 29 28
4 10 18 3
23 19 16 15
26 11 1 13
7 13 26 12
14 5 17 3
4 17 28 28
15 12 13 18
16 28 23 28
13 28 10 11
0 14 18 19
15 9 16 7
4 10 19 21
22 6 21 4
12 22 18 24
13 18 4 6
2 24 10 20
24 10 9 29
21 24 19 6
24 19 7 8
12 5 19 30
20 12 5 24
27 7 20 28
8 15 4 10
15 3 2 17
4 25 13 16
9 26 7 24
24 15 2 2
13 8 0 15
16 12 9 0
29 15 0 15
8 18 29 3
2 27 17 10
28 17 23 20
12 10 10 29
17 9 2 8
6 24 13 22
26 18 19 27
2 16 18 14
7 15 12 23
25 27 22 19
24 24 13 9
11 21 22 24
26 17 9 27
9 13 5 10
7 6 30 29
27 4 10 7
12 6 3 5
24 14 22 17
0 23 2 28
24 5 25 28
21 9 16 2
18 26 6 23
9 6 25 27
6 14 13 22
19 7 30 7
25 8 13 7
26 20 16 22
0 22 27 19
10 16 23 26
8 26 9 18
30 6 0 6
12 22 5 21
22 17 5 8
9 30 8 18
0 13 21 25
20 6 18 7
3 27 16 6
15 27 30 13
17 29 14 29
21 11 25 12
3 7 24 18
22 18 28 20
14 12 12 23
22 2 30 9
20 15 22 20
30 12 3 24
18 19 28 11
22 7 13 6
15 28 29 14
5 20 27 29
14 20 6 21
24 29 29 21
15 4 16 22
9 8 9 20
23 19 30 23
13 29 15 14
6 6 23 18
1 14 24 29
29 5 30 21
27 9 4 14
15 2 16 11
28 5 13 21
11 30 12 11
26 11 9 18
4 27 23 2
26 8 6 9
30 25 30 6
7 24 12 11
27 12 6 0
2 11 24 8
24 1 18 10
22 9 2 0
9 30 23 4
8 5 22 26
26 16 6 25
22 11 29 30
21 21 21 8
23 1 19 8
30 5 29 29
30 9 8 9
23 20 8 27
26 10 18 0
14 17 10 8
17 4 8 5
9 0 26 10
19 28 27 30
20 25 2 5
24 3 9 9
18 14 14 15
25 19 23 6
10 8 0 10
15 14 1 16
14 15 9 15
25 11 24 5
12 20 3 22
8 5 24 27
2 15 6 25
0 6 23 1
9 19 6 14
22 22 18 26
27 6 17 5
22 16 27 11
27 23 21 30
18 15 15 12
29 0 19 17
16 19 23 21
9 20 12 21
12 5 15 15
24 23 28 27
6 17 6 26
3 21 6 23
24 14 7 17
7 2 14 6
17 20 0 27
3 18 21 26
18 0 19 7
9 24 28 0
20 24 28 8
24 30 21 12
25 7 8 16
1 27 5 9
30 28 12 11
10 7 6 13
14 16 15 24
3 0 23 27
22 16 2 3
10 4 18 24
16 15 13 17
4 13 26 23
21 26 4 25
18 9 24 0
28 4 25 4
25 28 23 13
24 19 22 28
15 4 1 29
9 21 9 30
9 12 17 29
11 4 12 17
27 4 24 5
10 23 3 18
17 28 2 26
2 25 11 0
21 5 25 5
30 9 9 6
23 27 21 13
5 17 10 28
22 16 9 28
14 21 2 30
25 23 19 4
6 20 18 11
20 5 6 16
19 25 1 24
26 18 20 16
26 12 4 8
18 8 4 3
14 15 25 23
18 25 30 5
23 26 4 17
1 14 8 12
30 7 14 18
24 12 27 18
19 23 13 22
5 22 23 11
22 4 16 0
14 24 12 19
15 17 22 12
4 0 11 16
8 5 5 29
25 12 5 14
2 12 8 29
24 18 24 23
11 21 22 20
11 25 11 21
5 3 8 25
8 7 23 30
21 3 11 23
7 8 18 20
5 13 29 21
23 11 20 3
20 21 19 30
3 13 24 10
24 9 9 7
21 27 25 3
17 4 25 4
19 5 28 2
29 16 1 18
17 14 0 27
22 11 8 15
22 8 4 18
1 15 29 15
21 0 6 12
22 20 10 6
12 19 3 7
15 6 1 4
13 13 16 7
28 12 9 14
25 10 30 11
1 18 20 8
3 4 24 23
14 28 10 2
25 7 13 27
7 9 28 15
7 17 14 17
5 1 3 21
20 11 25 9
6 29 26 21
0 12 13 12
9 6 1 6
15 8 15 27
16 19 18 17
13 28 12 18
22 1 4 28
3 25 13 22
29 29 2 7
2 21 13 26
30 17 29 3
16 28 30 4
30 1 3 27
16 27 0 19
29 10 3 30
6 8 20 22
23 24 12 27
3 12 12 30
12 18 21 28
27 17 9 0
26 26 3 20
28 17 15 18
11 14 15 0
25 27 4 25
1 14 17 22
30 3 18 26
20 10 29 6
4 20 19 8
2 28 4 0
0 27 18 15
19 10 23 17
10 18 16 10
10 20 21 28
14 2 19 8
7 17 3 19
10 10 24 18
2 12 26 8
21 15 7 22
2 8 1 27
13 22 26 25
0 9 6 7
28 16 18 2
11 24 25 8
10 26 24 24
19 5 26 2
28 14 28 7
6 16 15 7
6 7 20 19
7 8 21 23
25 26 15 15
16 24 21 20
23 18 4 12
28 5 29 11
27 22 16 17
18 7 22 19
5 20 29 21
9 20 21 2
6 25 28 9
19 27 18 18
10 16 25 16
10 6 9 30
6 3 9 2
15 7 10 15
0 18 1 25
8 12 8 29
19 0 10 25
17 22 17 7
21 13 5 28
21 29 17 17
27 25 25 30
7 10 13 29
30 19 23 13
20 16 30 3
29 8 13 24
1 0 5 10
0 29 25 8
1 2 24 16
18 1 10 30
7 21 29 26
9 4 5 15
8 12 23 18
28 22 29 5
9 16 16 17
29 16 29 24
6 9 7 0
25 29 25 22
30 30 15 23
1 29 19 28
2 8 3 22
18 5 14 0
17 23 13 13
4 19 7 26
18 19 21 27
10 14 26 10
23 14 1 0
28 4 26 2
5 9 3 30
15 9 30 13
27 1 23 28
22 29 9 12
6 7 4 22
21 27 26 8
6 13 16 24
5 25 10 17
21 1 2 13
19 13 26 9
4 27 11 27
11 4 30 18
19 24 25 29