100
30 12 15 12
20 27 22 29
8 18 27 10
11 3 16 20
26 6 17 7
29 6 10 11
10 28 3 10
27 24 20 9
4 8 16 22
26 2 28 3
14 8 17 11
25 17 0 29
1 27 29 26
16 5 1 0
17 23 17 18
13 14 24 24
21 7 19 27
22 18 30 27
30 7 10 27
22 19 5 8
7 19 5 24
10 19 26 10
19 3 6 13
17 16 3 20
3 16 3 21
8 10 21 27
3 22 21 22
6 3 19 29
14 18 25 7
16 26 13 14
8 17 26 0
24 15 13 15
4 16 19 20
24 5 9 30
9 8 12 7
9 19 3 14
1 0 13 16
8 8 2 4
14 9 13 4
22 16 10 23
27 13 17 12
10 5 3 23
6 3 11 27
6 10 7 13
4 1 23 3
19 27 12 0
7 20 5 21
7 24 24 20
15 28 7 6
10 18 9 26
26 13 12 19
6 18 10 26
12 21 6 2
28 11 29 18
8 5 9 9
26 17 8 21
4 23 18 30
26 3 9 2
3 15 28 22
21 30 7 21
25 12 17 15
9 21 2 6
4 21 2 12
24 30 14 8
28 12 25 1
18 7 24 26
9 15 2 4
22 21 4 23
18 27 21 0
16 30 26 7
30 22 5 6
4 2 13 22
28 7 10 22
1 9 23 16
8 22 23 30
0 24 17 11
15 26 21 11
11 16 21 10
18 6 20 14
1 3 27 7
11 14 5 3
9 6 10 12
26 8 3 27
29 12 4 28
2 15 9 26
8 10 16 29
4 4 8 0
5 28 10 27
21 30 14 3
27 6 25 20
1 2 11 8
18 3 17 29
20 27 1 30
7 21 12 19
13 7 29 30
13 30 21 30
24 12 17 18
28 16 15 1
23 20 8 16
12 28 13 7