100
18 11 28 17
15 26 10 27
15 16 4 22
15 26 30 9
18 28 2 0
12 5 4 3
23 6 10 12
18 10 2 18
13 1 23 9
0 30 30 1
5 1 28 3
20 10 13 15
6 3 20 21
18 13 24 28
3 15 19 13
2 7 3 8
23 25 11 20
27 15 17 22
10 29 9 28
20 7 19 29
4 26 17 4
18 6 30 29
5 1 7 3
3 21 16 9
10 7 6 21
5 14 8 10
3 25 20 5
27 29 20 29
0 28 14 17
21 5 25 6
16 14 24 1
2 27 19 29
25 8 27 10
16 1 9 13
14 26 12 29
19 1 27 28
20 18 25 12
16 17 11 20
12 25 13 14
4 9 21 29
21 27 7 27
20 12 6 22
8 30 1 22
11 27 2 26
21 18 18 10
11 26 19 21
19 19 13 29
1 21 24 1
20 21 22 22
27 23 1 27
12 22 1 12
3 7 29 5
0 11 1 0
9 14 11 16
0 22 13 4
16 14 8 13
28 15 9 15
8 3 26 7
1 10 25 11
20 14 24 16
29 2 30 1
6 0 16 20
16 15 0 7
5 17 28 3
5 6 10 6
2 22 9 0
11 0 13 6
2 8 27 20
29 28 24 0
8 13 25 16
27 28 13 24
8 26 10 7
25 29 18 19
28 28 12 22
16 20 11 20
30 26 15 21
24 25 2 26
22 27 19 12
6 19 12 11
4 23 10 8
21 4 13 3
15 26 18 9
16 0 14 6
10 18 7 14
13 11 13 8
5 11 23 5
11 3 1 3
10 9 3 27
12 13 5 24
28 8 23 29
15 27 15 10
12 14 5 13
30 13 7 3
12 12 7 0
4 28 0 2
27 4 21 6
18 8 20 13
27 15 26 17
7 16 13 11
10 26 14 22