100
8 24 7 9
23 13 26 7
2 11 29 3
0 28 10 8
18 26 25 27
26 22 1 5
15 13 24 21
19 10 3 14
5 18 13 7
13 25 29 1
1 11 19 16
22 7 12 14
17 9 24 4
6 26 1 16
0 3 25 18
2 10 24 12
12 18 21 27
3 12 4 2
10 26 20 12
27 2 1 3
18 11 11 6
21 23 20 23
7 22 4 5
21 0 30 3
11 0 9 24
24 16 10 2
14 28 24 2
28 7 25 2
21 6 14 3
11 4 16 13
5 6 24 10
25 0 19 29
30 7 30 28
10 15 23 5
29 6 7 11
0 10 27 0
5 16 17 3
13 4 26 17
13 4 22 3
17 20 0 2
18 16 24 16
27 19 29 30
11 2 2 7
22 6 1 16
9 5 27 19
6 11 17 9
1 12 0 30
3 24 20 24
18 15 22 17
7 18 15 12
29 27 19 24
9 17 7 14
6 13 24 14
21 10 13 28
12 15 7 7
16 8 24 19
2 24 22 30
14 9 0 1
30 2 15 9
10 24 21 3
20 18 28 6
27 10 9 26
16 11 21 30
28 1 20 25
23 0 11 12
2 0 5 13
26 24 4 24
25 1 21 12
23 0 17 19
27 22 15 18
12 26 2 4
5 16 17 0
8 30 10 27
3 2 26 11
2 19 29 14
6 6 8 11
7 17 17 1
4 29 6 4
2 24 17 23
28 11 13 7
25 23 3 28
2 12 6 4
17 22 8 16
24 14 20 9
30 2 28 10
8 22 9 12
13 29 16 10
10 14 28 22
9 9 3 7
16 3 7 12
18 9 18 23
17 13 4 18
18 26 21 7
25 7 11 21
8 12 5 4
30 18 16 12
6 9 15 10
26 7 4 9
23 21 27 10
14 29 0 9