100
11 15 12 4
13 14 26 5
24 5 28 11
16 28 10 8
16 1 28 19
18 1 1 16
13 26 2 18
30 28 4 4
7 6 29 9
21 16 22 26
28 2 12 14
10 7 2 6
30 20 24 6
19 20 4 24
18 21 18 27
27 23 23 30
7 27 16 8
3 1 17 7
14 24 15 11
8 19 16 27
6 25 0 29
22 0 21 25
28 25 11 21
20 26 10 30
1 1 18 27
24 17 21 25
23 29 2 28
14 24 11 2
19 24 4 13
12 12 7 15
12 4 25 9
26 28 21 18
8 3 11 8
27 18 13 2
1 30 1 15
8 18 30 28
6 18 8 23
14 6 15 3
12 26 13 10
19 26 24 26
7 7 26 11
5 18 6 11
24 13 11 9
27 7 3 13
28 21 15 24
21 5 8 15
1 13 2 20
23 23 1 1
5 19 24 15
9 5 6 7
3 6 12 2
22 30 1 15
3 20 0 28
4 26 22 17
13 9 9 6
12 13 29 8
21 2 2 17
0 20 20 15
21 24 30 21
23 8 21 14
7 4 27 11
4 11 5 28
17 27 7 11
27 5 17 4
0 7 7 7
28 4 23 29
21 28 28 16
6 1 8 8
19 15 18 26
10 9 13 23
17 27 18 30
18 17 10 15
21 22 26 10
10 26 28 16
6 10 4 28
1 21 18 13
23 0 8 13
2 21 15 16
12 19 24 9
15 9 29 10
18 3 13 0
9 10 23 28
19 7 3 17
18 12 8 22
22 26 14 6
1 24 29 21
29 2 10 9
14 28 29 24
9 30 16 9
0 19 15 16
10 20 5 21
11 18 17 19
23 1 1 4
8 30 18 24
18 30 16 26
30 23 6 8
6 19 16 22
14 15 4 25
6 6 21 2
27 19 28 2