100
25 18 23 10
13 16 2 13
27 11 16 2
7 0 18 0
7 10 19 10
10 10 5 21
23 28 29 3
13 0 21 16
4 23 10 12
5 11 24 5
2 24 4 15
1 28 5 7
13 1 27 12
2 3 26 25
25 1 2 6
13 4 2 8
15 24 10 26
30 18 24 19
13 0 17 13
5 18 20 23
15 27 27 13
4 23 20 26
19 27 23 15
20 24 20 8
18 27 5 21
25 30 15 9
25 3 10 16
18 21 15 3
5 27 6 17
3 23 8 19
1 28 22 18
18 25 9 20
16 15 13 13
3 30 4 14
1 11 19 25
5 6 8 11
15 13 1 9
4 27 8 18
7 20 26 23
20 21 6 22
11 28 17 29
19 2 26 7
14 3 18 17
15 16 30 26
25 30 28 11
23 3 2 12
10 16 19 24
0 27 26 2
18 12 17 8
10 6 28 3
28 19 19 9
23 24 2 30
22 0 21 10
29 27 27 11
14 24 7 5
15 18 8 13
30 19 3 9
20 16 20 23
26 10 4 26
22 18 19 5
6 2 11 1
23 20 5 28
3 2 17 27
13 29 19 2
25 0 21 12
1 10 15 20
28 5 21 17
16 24 29 14
28 24 20 20
24 2 16 25
15 13 18 8
15 3 1 30
4 20 27 23
15 11 6 23
23 17 0 1
10 3 3 22
5 29 2 10
29 27 15 14
29 25 19 20
1 7 22 16
28 28 25 7
16 30 8 10
11 29 22 14
11 14 27 18
17 18 28 8
20 26 5 11
9 4 22 4
14 30 21 3
25 10 7 4
24 8 16 18
4 10 15 13
9 5 18 24
0 14 7 3
11 9 21 18
29 28 30 16
16 12 6 6
2 9 9 22
10 18 0 6
19 25 28 14
27 7 20 9