100
12 6 4 7
27 0 22 4
0 25 2 30
18 1 12 5
14 24 20 5
0 26 28 28
2 2 25 30
26 17 28 5
16 2 1 15
20 23 8 2
21 7 16 30
0 26 23 19
14 13 30 7
24 18 15 16
12 2 18 18
12 6 30 2
1 10 5 12
23 18 0 19
3 5 25 8
20 23 24 11
0 5 10 27
16 17 14 5
26 12 24 11
12 22 28 2
29 14 19 26
23 25 0 1
22 3 13 19
5 23 26 1
26 2 1 25
20 15 4 12
27 5 17 25
8 8 14 10
10 19 22 19
21 28 19 23
6 9 20 22
17 15 3 30
2 15 10 10
10 22 29 16
23 3 22 16
22 22 4 11
18 24 29 15
18 13 9 26
30 4 25 14
28 3 16 22
19 1 11 27
15 21 24 24
8 2 1 11
17 22 23 28
13 17 22 5
28 2 0 12
22 1 25 16
21 5 0 4
9 6 28 7
16 22 5 14
19 26 26 12
4 20 7 14
23 14 23 6
27 29 0 16
28 9 29 5
4 23 25 18
1 4 5 6
11 22 13 21
19 0 25 13
0 27 9 15
15 27 19 23
18 10 9 22
15 7 8 28
22 17 28 8
27 29 3 10
15 19 0 26
27 20 28 28
25 6 30 8
18 20 4 7
9 6 19 13
25 13 16 25
14 7 6 30
1 1 24 1
25 6 24 25
20 21 29 17
18 17 13 6
7 15 11 8
4 18 27 9
28 26 5 29
14 9 26 18
11 17 24 15
17 19 17 5
3 22 25 16
27 18 21 17
2 24 13 1
17 26 30 2
16 29 14 5
16 21 22 25
24 24 29 24
17 22 4 26
14 8 7 27
7 29 17 8
6 29 5 15
26 9 24 7
17 9 9 1
25 6 23 26