100
3 20 28 28
17 7 12 28
18 23 28 3
20 19 30 8
29 15 23 7
28 3 1 24
29 23 5 19
27 27 15 26
19 18 25 22
25 0 4 0
26 15 29 29
12 23 0 28
10 23 8 2
30 17 11 10
20 17 5 30
25 0 30 19
23 28 7 5
30 23 11 5
4 24 1 7
16 30 1 25
27 27 15 5
1 3 10 16
20 25 11 18
3 3 15 7
27 21 20 8
7 11 8 9
17 4 21 5
22 16 13 9
26 6 10 29
26 21 1 28
6 16 1 29
23 8 27 12
10 23 2 20
23 10 22 0
11 25 19 30
22 17 10 24
11 24 13 10
23 30 6 3
0 12 9 3
21 13 19 0
27 20 5 20
2 10 14 23
5 14 4 11
16 11 27 11
6 11 15 22
18 15 15 0
27 27 18 15
19 2 15 10
19 6 16 8
7 12 6 17
24 14 12 10
0 20 5 15
21 27 0 17
2 13 2 16
6 23 15 12
5 26 26 1
7 14 30 24
25 10 27 9
30 14 20 20
20 29 3 9
22 11 8 17
1 5 13 21
28 3 12 15
12 21 19 10
19 19 5 19
4 0 16 18
20 12 23 10
23 8 11 16
26 26 12 19
2 24 14 3
29 15 5 10
25 3 10 26
11 27 23 1
23 1 17 18
30 10 29 15
17 18 15 22
8 18 8 2
30 28 20 28
27 4 13 17
18 30 22 22
9 6 30 4
9 27 3 20
1 23 19 10
30 1 27 14
16 28 13 9
28 11 4 17
6 4 17 30
3 14 6 13
11 3 3 27
16 4 3 30
9 22 8 19
6 9 21 21
23 1 1 20
18 28 4 1
8 4 4 27
3 9 6 1
28 24 11 22
3 8 2 11
24 29 16 11
22 25 17 19