100
10 7 28 15
18 25 22 2
6 24 10 4
8 17 11 10
24 19 27 24
27 11 28 15
22 13 17 19
26 29 26 11
12 13 17 23
22 18 12 22
13 28 20 25
23 0 28 21
26 5 16 16
20 20 27 26
7 17 12 16
24 22 29 0
23 6 30 19
6 11 9 8
30 30 2 16
26 12 7 9
7 30 6 1
10 24 17 24
13 29 27 6
3 7 1 0
10 22 21 19
7 8 2 14
26 23 12 3
11 4 22 2
28 7 9 2
10 1 25 8
24 20 27 5
24 21 26 24
1 28 9 20
5 28 24 13
28 5 4 0
3 12 28 23
28 10 22 14
21 27 30 6
3 22 23 20
24 0 4 16
1 26 19 11
4 23 13 3
13 6 21 23
27 15 1 0
19 26 14 1
11 2 29 25
27 1 24 28
16 8 13 3
28 1 28 26
23 8 19 12
5 21 5 24
15 16 19 2
14 25 6 26
18 28 15 29
11 27 23 6
5 2 26 26
25 9 27 24
11 11 23 11
8 15 2 16
20 4 1 26
20 25 28 16
10 19 23 15
5 9 10 20
16 7 1 5
30 21 1 5
0 24 27 19
24 26 18 6
16 0 27 19
9 30 11 4
21 16 12 8
22 14 22 29
6 16 23 20
18 9 3 0
4 12 9 29
13 10 23 5
13 1 21 26
25 24 23 25
14 21 16 25
22 22 10 6
3 5 12 21
7 16 3 11
28 17 18 8
17 3 26 0
8 24 27 3
29 19 19 12
27 18 2 11
11 8 9 2
5 28 1 14
20 2 20 13
7 18 23 7
24 12 6 18
24 4 28 29
24 21 30 17
11 24 18 21
19 15 5 8
13 8 19 22
29 19 12 27
26 12 15 22
7 25 14 24
24 9 16 28