100
7 24 7 13
28 10 16 23
22 3 14 7
19 21 8 5
3 28 0 19
1 19 1 3
22 18 22 10
4 17 1 11
30 19 20 15
21 18 30 10
28 18 4 18
27 22 25 12
26 7 17 7
17 16 4 20
19 1 9 4
15 26 11 4
15 4 5 0
25 7 20 4
25 19 0 23
17 10 1 30
26 5 18 19
3 17 8 21
26 18 10 10
8 11 19 19
21 27 2 25
19 30 30 12
4 16 7 23
27 26 27 2
12 3 1 28
1 8 29 10
28 20 5 11
15 7 19 24
0 10 23 23
18 9 29 8
26 16 4 9
6 1 7 27
13 9 23 1
20 10 27 17
21 22 11 21
4 1 15 6
8 21 10 25
5 13 10 19
17 14 11 28
28 24 22 7
19 27 26 15
12 0 26 16
25 23 14 9
16 27 10 15
7 0 6 6
1 8 12 14
19 9 24 22
27 5 23 30
12 25 8 1
22 4 21 2
17 4 28 20
5 9 10 14
15 19 2 28
12 18 27 19
1 3 30 6
0 10 8 28
10 22 22 14
6 3 22 23
8 13 17 21
16 24 17 26
10 5 6 0
1 22 12 4
7 19 29 13
4 27 17 0
8 3 5 18
27 20 23 15
13 25 29 17
16 19 27 4
29 6 0 18
18 18 16 24
6 14 8 30
27 23 0 24
17 0 28 19
18 29 12 20
9 26 5 7
24 14 25 10
23 22 10 10
13 6 13 21
7 29 5 8
11 25 4 0
28 19 9 22
23 16 8 1
3 8 3 12
20 24 29 19
18 18 8 28
4 7 18 8
23 19 23 4
2 12 25 4
22 24 15 8
0 13 11 26
20 18 8 20
28 20 13 6
6 0 11 14
18 3 6 12
25 14 14 5
3 0 12 19