100
17 12 4 17
6 16 5 16
3 1 29 0
19 10 26 21
29 4 9 25
22 7 0 26
6 18 9 25
8 3 6 7
13 22 11 27
17 27 3 1
6 22 20 20
1 10 19 12
6 22 20 18
20 22 11 12
6 22 26 13
24 15 13 7
15 3 26 1
24 17 21 11
11 24 29 24
25 19 6 21
30 30 30 25
2 1 12 16
19 21 24 23
16 0 10 4
17 1 16 24
28 5 5 1
20 30 1 25
14 9 14 6
3 19 7 20
16 13 9 2
15 12 2 12
16 7 27 8
21 1 26 19
16 29 11 6
27 19 16 27
23 19 24 26
7 26 30 3
19 3 28 18
9 29 3 13
30 30 13 24
20 12 18 20
9 14 29 20
13 13 15 30
10 30 15 5
22 23 27 3
29 0 20 9
21 11 14 8
5 12 24 16
9 21 8 11
7 4 0 19
2 24 8 28
22 3 26 15
11 9 18 27
14 8 21 29
27 27 15 26
9 18 9 15
0 9 26 5
26 23 11 17
4 15 15 25
30 8 18 7
27 5 22 7
5 16 23 5
27 13 1 13
15 13 25 29
17 7 2 4
23 11 25 23
2 2 18 11
13 6 4 14
21 12 4 20
18 8 26 30
27 12 28 20
2 27 23 14
27 10 30 15
12 27 22 20
17 17 11 12
24 28 8 8
4 27 23 13
20 20 29 29
29 14 3 10
16 28 9 27
9 2 14 1
29 18 30 25
1 19 22 8
5 23 23 26
10 2 26 28
11 19 19 10
21 19 1 17
25 2 24 23
13 1 23 23
20 12 9 20
19 23 25 11
24 14 5 11
27 14 29 1
3 11 12 0
9 22 21 27
16 17 21 27
17 2 22 23
2 5 19 10
15 14 14 14
23 11 28 0