50 75 1
0 1
1 2
2 3
3 4
4 5
5 6
6 7
7 8
8 9
9 10
10 11
11 12
12 13
13 14
14 15
15 16
16 17
17 18
18 19
19 20
20 21
21 22
22 23
23 24
24 25
25 26
26 27
27 28
28 29
29 30
30 31
31 32
32 33
33 34
34 35
35 36
36 37
37 38
38 39
39 40
40 41
41 42
42 43
43 44
44 45
45 46
46 47
47 48
48 49
49 0
0 2
2 4
4 6
6 8
8 10
10 12
12 14
14 16
16 18
18 20
20 22
22 24
24 26
26 28
28 30
30 32
32 34
34 36
36 38
38 40
40 42
42 44
44 46
46 48
48 1
1 3
3 5
5 7
7 9
9 11
11 13
13 15
15 17
17 19
19 21
21 23
23 25
25 27
27 29
29 31
31 33
33 35
35 37
37 39
39 41
41 43
43 45
45 47
47 49
