100 150 1
0 50
1 51
2 52
3 53
4 54
5 55
6 56
7 57
8 58
9 59
10 60
11 61
12 62
13 63
14 64
15 65
16 66
17 67
18 68
19 69
20 70
21 71
22 72
23 73
24 74
25 75
26 76
27 77
28 78
29 79
30 80
31 81
32 82
33 83
34 84
35 85
36 86
37 87
38 88
39 89
40 90
41 91
42 92
43 93
44 94
45 95
46 96
47 97
48 98
49 99
0 2
2 4
4 6
6 8
8 10
10 12
12 14
14 16
16 18
18 20
20 22
22 24
24 26
26 28
28 30
30 32
32 34
34 36
36 38
38 40
40 42
42 44
44 46
46 48
48 50
50 52
52 54
54 56
56 58
58 60
60 62
62 64
64 66
66 68
68 70
70 72
72 74
74 76
76 78
78 80
80 82
82 84
84 86
86 88
88 90
90 92
92 94
94 96
96 98
98 0
1 3
3 5
5 7
7 9
9 11
11 13
13 15
15 17
17 19
19 21
21 23
23 25
25 27
27 29
29 31
31 33
33 35
35 37
37 39
39 41
41 43
43 45
45 47
47 49
49 51
51 53
53 55
55 57
57 59
59 61
61 63
63 65
65 67
67 69
69 71
71 73
73 75
75 77
77 79
79 81
81 83
83 85
85 87
87 89
89 91
91 93
93 95
95 97
97 99
99 1
