200
11 11 5 7
9 29 24 15
5 28 6 30
23 14 30 3
3 20 20 6
14 16 7 19
21 26 6 29
16 21 7 18
19 9 8 5
14 28 17 7
2 28 10 10
1 10 17 7
1 1 8 16
16 30 19 26
15 9 13 29
27 18 3 29
26 13 3 15
28 21 11 11
4 20 15 25
1 11 25 24
8 24 21 5
5 13 23 1
26 15 26 10
21 11 10 28
11 28 18 3
9 28 17 6
25 26 25 19
16 21 16 1
23 23 8 6
10 1 13 25
2 5 15 24
18 15 27 17
2 29 24 26
17 16 27 12
22 19 21 27
20 1 29 13
26 10 25 9
28 11 0 6
14 23 20 24
3 4 29 20
15 1 16 8
15 15 6 4
24 26 26 23
3 2 0 20
9 27 27 6
19 28 15 11
10 18 6 17
5 13 2 23
30 24 4 13
29 25 13 17
10 15 10 17
27 6 18 26
16 16 5 4
1 9 22 27
10 29 1 18
0 17 14 22
13 21 24 1
24 27 25 23
2 15 17 21
0 5 12 9
0 25 4 7
3 0 9 24
28 6 28 29
12 24 14 14
25 27 0 4
25 28 0 11
11 15 22 3
16 23 2 0
0 19 28 28
26 16 7 1
9 17 19 13
4 3 25 0
0 5 25 17
16 6 3 29
8 18 0 2
21 21 21 27
2 12 3 23
16 4 22 5
28 11 28 23
25 0 25 20
12 11 28 15
28 20 30 15
0 18 4 26
0 7 0 7
12 27 9 14
6 19 15 10
8 29 9 12
4 5 16 21
3 14 8 24
1 20 28 23
29 20 14 20
24 7 6 2
9 20 20 3
24 18 29 4
12 17 21 30
10 5 4 19
18 1 15 0
0 20 0 15
17 21 19 5
9 23 27 18
17 15 24 18
6 27 20 3
8 4 7 13
2 11 30 16
17 4 8 28
23 4 5 9
7 1 4 5
24 27 1 21
4 8 6 13
6 23 17 22
13 0 2 12
26 28 28 6
30 25 11 21
20 5 24 27
13 26 18 7
3 28 6 17
19 13 24 28
1 4 0 25
5 17 17 13
30 17 25 6
3 10 19 5
4 14 6 9
15 21 1 0
2 8 1 9
13 12 29 12
13 6 2 6
0 4 17 30
24 5 14 14
8 8 29 13
29 23 15 2
11 26 26 12
20 2 13 27
9 15 25 25
9 30 19 12
5 13 20 8
28 22 20 29
0 27 30 1
19 2 26 16
25 15 17 5
27 8 9 10
30 20 14 26
17 3 26 9
14 27 7 16
9 29 17 12
25 15 1 2
15 5 9 2
2 7 18 5
22 13 15 9
29 29 10 20
15 1 11 15
21 23 25 23
18 7 19 18
24 23 10 29
0 21 23 30
26 28 10 4
7 0 15 17
23 11 7 4
19 13 25 13
14 26 25 8
21 23 14 15
10 19 10 27
29 6 22 4
26 14 26 10
30 10 23 24
8 20 20 4
10 11 20 3
2 4 3 13
23 11 29 1
16 21 10 3
11 14 15 12
10 19 6 8
27 0 25 19
13 14 27 18
28 4 25 18
24 27 14 26
21 19 0 7
12 17 11 10
23 13 18 29
19 29 13 25
8 12 3 2
12 11 12 29
5 27 14 2
19 0 14 1
15 17 26 9
17 10 2 11
4 3 17 25
29 19 28 11
18 1 11 30
30 5 7 27
22 0 18 25
13 14 28 6
2 22 0 18
15 21 0 7
7 6 8 30
29 12 17 13
14 4 17 22
26 21 7 2
11 24 21 10
25 15 22 7
19 12 28 29