200
4 14 5 5
24 27 2 8
16 12 23 2
27 6 26 16
19 21 9 3
11 6 5 30
23 10 2 12
18 8 21 11
19 9 2 11
30 23 7 1
2 20 23 6
28 2 6 7
26 1 25 5
24 9 14 22
13 25 9 20
7 18 6 4
12 13 30 15
25 13 15 28
2 26 20 18
26 0 8 2
14 11 18 5
30 16 29 11
21 27 27 16
24 25 13 14
26 25 15 2
5 13 1 9
20 10 29 29
24 8 8 17
30 18 22 3
4 26 14 28
16 3 21 27
6 24 6 15
23 7 29 24
24 4 13 26
14 20 2 12
30 1 28 23
3 10 12 20
5 0 20 7
2 15 14 2
21 7 1 30
8 19 8 20
12 14 6 2
24 3 13 10
17 2 17 12
14 14 2 2
10 15 3 10
21 29 13 25
28 13 4 8
10 19 26 1
28 18 0 4
19 0 4 8
7 26 10 26
21 16 0 30
9 13 9 6
19 4 4 10
7 16 0 0
2 14 9 28
15 2 22 21
11 17 22 3
30 18 7 7
18 24 14 18
12 4 22 7
4 11 11 28
18 14 18 8
15 30 12 17
8 29 13 3
21 3 24 12
28 20 21 20
6 29 11 23
29 1 30 26
20 14 1 27
21 0 23 19
29 12 5 16
7 24 20 27
3 11 5 18
4 10 28 27
10 3 6 7
20 7 9 15
15 6 8 24
23 15 18 24
1 28 0 3
24 19 0 28
3 17 27 27
20 1 2 3
23 17 19 6
10 3 7 16
1 25 3 28
6 12 6 27
12 19 26 20
16 17 11 21
7 18 7 10
4 5 8 19
6 20 15 3
14 14 16 11
6 24 14 0
13 23 25 8
13 15 14 2
18 28 29 6
6 17 16 13
15 0 29 29
0 23 22 29
26 18 18 16
30 23 4 9
27 13 14 24
21 6 24 25
29 14 14 30
11 20 21 22
23 4 22 21
7 4 2 2
21 29 7 12
10 25 25 15
18 4 19 1
3 22 30 20
3 2 25 24
20 21 10 12
28 10 3 26
25 15 16 25
19 25 2 15
26 16 6 22
6 18 29 8
28 23 21 6
22 4 9 2
16 19 7 4
3 15 5 28
20 22 18 29
26 18 26 26
7 17 12 6
12 11 7 2
11 14 16 25
1 7 18 25
21 4 5 25
18 23 23 27
6 9 19 26
21 27 17 10
14 3 29 25
23 30 24 20
19 11 17 8
0 6 27 1
13 5 12 16
6 6 11 23
13 4 7 5
18 1 6 12
11 0 10 12
27 23 5 14
3 1 7 20
19 11 16 14
18 18 19 23
23 6 17 4
27 18 9 20
16 26 0 10
19 18 6 16
18 18 20 22
5 28 14 18
17 7 12 25
14 2 9 16
12 16 12 2
12 1 19 21
21 21 7 15
27 12 17 23
11 5 4 5
17 15 12 5
26 30 10 7
23 14 27 19
13 20 26 26
24 6 23 20
5 12 1 4
30 5 1 16
29 0 29 7
7 0 22 13
12 7 10 5
4 28 3 27
30 27 29 23
22 9 23 30
22 14 27 19
16 5 16 22
0 6 6 8
30 20 19 21
4 22 15 5
23 5 7 7
28 24 26 19
29 28 6 26
3 6 22 0
20 4 9 5
7 4 25 13
22 24 0 13
3 25 7 6
21 6 10 1
6 6 23 22
14 4 26 17
21 13 13 30
6 19 27 8
25 10 11 14
12 3 0 30
0 4 2 17
21 12 0 23
9 3 18 29
11 29 0 12
3 20 12 0
26 22 12 25
27 16 5 13