200
29 12 5 17
21 22 28 0
22 1 10 11
19 22 18 29
12 24 2 5
30 13 13 23
17 22 21 30
30 29 21 17
23 19 10 27
19 25 12 21
18 20 30 12
15 16 28 17
3 11 12 17
13 30 19 12
16 17 20 4
25 9 25 15
15 25 10 24
12 1 11 2
16 7 11 26
24 22 12 30
17 7 24 4
29 7 7 3
10 3 8 9
19 12 23 2
19 16 27 6
2 30 2 20
19 19 15 1
29 26 7 17
29 13 20 21
17 7 5 26
15 17 20 2
12 2 18 5
5 23 15 14
14 8 22 12
23 16 8 14
30 15 14 7
24 12 29 7
15 1 25 15
24 23 2 29
29 28 18 11
2 1 15 17
17 0 18 26
20 24 16 6
5 2 5 12
18 25 0 25
13 21 3 22
24 26 19 4
12 19 18 26
11 21 17 15
18 7 14 20
23 17 2 19
1 0 30 4
30 19 21 8
11 17 15 13
28 24 13 13
17 28 18 6
8 16 1 25
8 21 1 7
23 26 1 13
13 22 10 20
3 21 23 7
17 29 7 7
25 10 6 29
15 6 21 27
5 11 2 30
23 10 29 8
24 21 15 1
24 29 14 11
22 6 3 9
0 12 26 30
14 18 29 8
4 28 1 20
24 11 24 21
2 25 14 13
28 8 23 17
13 19 28 3
19 18 29 4
28 4 0 13
27 28 15 7
18 23 28 19
6 21 20 17
7 2 6 30
8 5 25 21
26 7 20 12
28 29 3 10
23 0 28 0
10 22 24 17
1 18 21 21
22 4 2 26
1 14 4 0
21 9 17 23
9 6 1 23
30 6 24 12
10 19 21 18
20 4 25 14
11 11 23 30
16 29 10 23
27 25 3 22
4 6 11 26
2 28 6 16
7 21 26 13
26 20 15 22
6 27 19 7
5 8 13 10
8 0 21 27
23 26 15 16
20 10 4 4
16 5 8 0
2 30 6 3
11 5 4 12
25 13 24 5
24 13 1 17
24 2 8 26
1 25 24 0
8 4 2 24
29 18 22 1
18 13 28 15
12 6 23 29
14 26 14 2
4 27 14 11
18 7 28 10
23 22 0 29
3 25 4 13
8 13 23 18
3 17 3 22
14 22 4 23
16 21 10 23
15 13 14 19
24 16 22 30
5 13 6 22
9 18 0 28
25 13 24 23
21 18 25 17
11 20 23 19
11 11 24 28
26 14 17 3
8 20 7 29
24 13 18 17
3 30 8 16
20 14 10 2
7 30 30 10
5 25 20 3
28 5 19 27
17 5 18 28
30 7 19 5
1 11 2 3
29 9 23 9
6 27 3 6
6 23 15 17
11 9 18 17
11 25 15 17
0 7 26 11
9 30 3 30
9 12 16 20
14 8 28 28
21 26 25 0
5 11 25 23
21 26 19 23
24 7 27 13
27 24 2 16
28 26 23 14
6 6 4 20
10 0 10 18
30 23 0 14
12 29 5 3
12 7 23 20
15 29 8 20
24 0 24 0
14 5 30 21
20 17 0 4
3 6 10 3
17 27 2 18
26 24 21 4
10 21 9 28
16 14 4 13
4 18 19 8
6 29 6 25
11 16 6 6
11 28 13 14
16 30 0 5
21 17 29 23
7 18 20 26
10 14 22 20
8 4 14 15
21 8 29 23
26 23 11 1
25 24 11 0
17 28 20 17
14 4 3 27
18 16 24 22
17 30 24 26
12 13 18 12
6 3 15 7
3 4 5 29
16 10 20 25
30 12 6 27
28 21 13 15
11 10 19 30
6 26 12 30
20 21 16 29