200
1 29 28 27
28 26 4 8
9 20 9 27
20 24 20 13
23 11 28 22
8 20 16 12
11 10 3 4
0 12 3 25
2 5 8 18
6 23 20 27
1 22 29 7
9 30 5 21
24 10 0 23
1 7 15 14
24 3 20 6
26 20 12 11
22 15 23 2
8 25 15 27
7 14 27 26
9 21 16 19
15 4 17 4
20 21 14 3
10 24 21 6
27 4 29 2
23 9 19 20
13 29 20 7
25 8 7 2
15 20 12 7
24 30 12 5
12 14 17 18
1 27 6 26
11 18 22 4
17 27 10 3
1 29 15 22
15 5 8 8
10 30 20 10
4 23 11 7
1 2 22 16
5 15 9 11
22 16 14 10
8 1 10 30
8 26 0 28
15 5 27 12
22 11 4 26
18 5 11 19
23 26 22 14
4 18 15 17
25 29 5 18
4 23 19 9
7 3 19 5
27 16 24 27
20 28 10 14
15 6 9 14
29 4 21 16
19 17 9 28
3 28 17 2
6 1 6 18
4 17 7 5
26 13 6 10
9 20 1 24
17 5 25 4
27 30 17 5
24 6 15 9
1 24 2 28
12 18 9 0
12 12 20 19
23 6 5 10
12 20 10 7
18 30 19 6
28 13 8 3
16 16 27 15
5 3 11 3
0 28 7 7
17 13 22 5
9 29 21 13
6 0 21 10
20 30 0 23
24 6 10 2
27 19 16 17
18 11 0 24
15 25 30 12
2 6 10 14
21 11 6 19
12 8 24 19
9 24 30 8
16 30 15 2
21 0 12 2
1 29 18 5
24 10 21 10
21 2 14 21
4 10 24 16
19 16 2 20
26 3 30 5
3 9 3 14
30 17 1 0
22 15 2 6
4 29 20 22
22 11 14 25
1 4 29 1
21 3 21 7
4 29 12 10
16 4 21 7
6 10 26 27
1 8 8 4
29 15 12 9
9 7 29 8
27 23 17 28
21 27 22 10
11 16 1 2
21 10 9 11
13 23 12 28
17 16 8 11
8 12 10 1
22 4 10 13
15 27 26 6
15 4 30 13
19 6 26 4
29 30 14 7
12 15 9 9
12 30 27 24
4 3 5 11
23 4 9 26
12 24 12 24
0 18 13 3
6 24 14 26
5 23 17 13
1 22 21 20
20 11 11 8
7 12 24 28
19 14 27 12
30 11 20 28
9 18 26 30
23 25 19 15
16 20 11 3
20 29 8 27
28 1 8 26
20 1 29 16
25 10 22 25
16 4 11 0
20 3 2 15
17 14 11 5
3 18 21 12
2 2 19 2
11 6 17 22
8 6 29 12
4 28 22 24
5 15 14 13
3 22 16 11
29 16 2 6
28 2 27 25
26 5 12 1
3 9 30 11
0 11 23 9
15 1 16 14
1 2 27 9
17 13 10 6
16 1 0 25
6 16 12 12
19 12 20 6
19 6 30 12
21 13 6 13
8 15 11 8
18 16 3 19
28 18 28 17
10 20 19 0
22 6 25 27
12 4 0 29
3 3 3 20
30 19 26 11
19 12 10 15
1 28 24 7
11 24 22 0
17 22 21 1
2 20 28 10
0 24 28 23
8 24 8 10
13 30 21 14
0 27 19 16
14 13 9 22
24 25 30 22
16 7 2 27
14 14 14 16
13 20 26 15
4 27 23 4
27 13 5 3
19 13 3 0
6 15 20 28
5 6 30 15
8 22 23 22
2 12 27 6
24 19 7 9
13 13 30 5
2 11 27 5
29 29 21 1
28 6 21 4
8 25 28 25
21 9 16 0
12 5 18 13
13 11 26 15
27 2 11 30