200
8 28 2 16
29 7 18 18
1 28 29 29
28 17 18 8
24 10 8 10
14 8 7 15
7 24 6 16
14 30 12 14
15 17 0 30
25 12 7 21
18 2 10 6
5 30 8 21
7 19 23 14
26 22 8 25
27 18 20 18
20 28 22 3
1 9 26 15
17 5 28 5
10 12 17 15
0 2 0 26
21 0 29 28
24 12 15 12
10 3 17 5
26 24 20 3
22 1 26 3
15 14 28 12
15 20 9 14
30 20 21 22
13 22 1 30
15 1 16 21
26 11 19 6
9 15 15 12
16 27 22 12
0 18 0 12
3 9 30 27
16 1 7 9
14 25 13 12
30 28 9 1
29 26 26 16
10 26 11 27
15 3 13 2
24 18 19 27
19 24 2 12
0 25 30 27
5 7 9 27
14 15 3 7
16 9 14 7
16 14 4 17
3 27 6 6
14 30 30 22
8 29 18 24
1 30 8 28
4 5 30 3
28 17 4 1
4 10 1 14
11 6 25 24
3 10 21 30
0 1 20 22
30 22 13 3
24 18 16 19
11 4 28 14
6 6 12 29
17 13 29 26
23 14 5 6
20 26 21 19
8 8 15 15
30 13 12 23
5 3 14 21
5 27 0 20
20 20 24 9
1 2 29 9
4 27 15 14
12 11 10 0
29 7 24 10
27 13 21 4
15 23 20 10
12 3 27 29
24 23 18 21
4 7 23 24
0 4 23 30
13 4 21 18
3 9 6 29
25 18 4 17
11 30 11 1
23 19 20 10
5 10 30 30
2 14 30 10
2 5 11 21
24 26 5 10
9 2 13 4
20 7 24 6
19 23 30 4
1 2 12 22
27 22 26 22
24 22 15 15
15 17 24 7
27 3 23 7
15 25 29 21
4 21 22 18
2 28 30 2
24 24 28 10
25 24 8 14
16 29 16 17
9 5 1 11
8 9 19 28
24 27 6 28
4 16 1 10
11 29 13 20
30 1 0 1
6 12 21 18
14 1 19 23
30 29 10 9
4 11 14 18
6 8 10 25
25 14 26 11
5 29 17 3
7 19 9 30
18 12 16 24
4 4 1 25
15 19 19 25
8 8 29 11
10 12 15 13
8 7 23 25
0 9 19 22
30 12 10 27
20 19 14 7
18 24 8 3
25 4 8 10
7 1 29 22
3 9 8 19
16 27 4 6
2 12 6 5
25 13 22 1
18 7 9 25
9 11 8 9
26 2 9 1
11 11 22 22
18 19 5 9
29 23 6 27
10 21 18 24
19 14 26 5
15 30 19 29
27 17 6 17
22 24 7 23
24 8 5 16
5 9 23 14
21 0 28 26
0 3 21 7
13 27 22 24
13 0 14 21
6 22 16 15
6 26 23 22
27 26 0 26
11 25 17 8
30 0 3 4
22 22 24 3
23 29 6 26
9 16 17 16
9 20 2 18
6 2 10 7
27 8 26 21
11 3 20 22
4 3 16 22
27 6 1 5
30 6 17 11
19 17 17 4
13 23 9 19
12 24 30 30
12 3 10 11
9 29 9 20
22 30 19 17
26 14 15 25
23 9 2 29
15 2 25 22
12 22 6 24
11 8 4 14
0 30 17 9
18 19 4 7
16 10 16 26
18 14 15 3
1 18 4 6
2 22 28 4
7 20 1 15
30 2 7 12
26 30 2 28
15 3 29 10
18 6 0 15
16 1 28 24
24 1 0 5
26 11 20 17
16 29 7 23
21 6 3 28
4 26 27 9
6 27 25 9
24 15 16 4
0 2 29 1
26 15 21 24
4 5 4 7
9 9 25 27
19 28 26 2