200
13 4 22 21
23 3 5 22
22 0 29 1
11 25 24 23
24 9 4 12
12 2 6 15
21 9 29 5
13 3 9 30
20 20 23 10
8 20 2 9
22 5 29 11
14 18 13 8
26 20 4 30
15 19 5 1
1 22 19 10
30 0 16 23
28 2 6 10
0 26 30 1
8 6 24 19
10 24 10 6
3 15 23 9
24 30 14 2
21 10 26 26
22 24 20 28
18 19 28 25
24 18 11 18
7 13 15 15
3 7 12 6
15 4 22 2
30 17 9 20
2 12 1 6
7 9 28 7
0 1 5 23
1 4 18 14
26 16 14 12
5 25 6 20
6 5 24 19
26 10 4 11
14 11 21 28
0 19 7 10
13 13 29 9
13 29 0 7
17 1 0 6
1 8 25 22
12 19 20 15
28 30 25 0
5 4 15 5
5 19 22 4
8 1 4 5
17 8 15 13
4 9 24 10
23 27 7 25
15 26 11 16
11 20 30 6
24 23 29 29
22 15 23 12
12 20 13 9
1 5 14 24
25 21 9 7
12 19 14 15
29 18 27 11
21 18 29 29
17 23 7 23
18 7 1 21
16 11 4 9
24 19 18 13
12 16 13 19
10 25 19 15
7 24 19 10
4 4 18 21
28 27 8 9
19 24 13 25
6 3 21 27
17 3 12 13
8 25 28 9
29 17 10 11
26 22 2 2
4 5 6 3
6 16 9 25
14 29 5 27
24 7 23 10
7 7 10 23
19 16 13 27
8 5 12 11
17 9 2 28
27 7 29 10
4 0 16 29
23 26 24 29
20 22 0 5
11 1 12 29
28 2 30 13
24 20 4 0
24 26 28 24
7 25 11 0
9 1 9 30
10 2 10 15
11 12 30 1
18 7 4 23
26 7 12 1
19 13 18 20
16 14 21 21
10 23 7 26
28 21 21 9
20 7 29 30
21 3 7 0
12 26 23 17
3 3 21 26
8 5 19 6
27 28 4 30
9 23 26 21
18 29 22 8
6 15 19 27
19 13 14 12
23 11 24 22
13 28 26 24
3 26 11 14
13 11 19 11
13 18 5 15
16 5 26 10
9 9 15 0
6 12 17 6
10 26 16 13
23 27 11 1
4 7 2 21
18 22 24 21
18 27 28 4
2 0 12 28
30 5 10 29
16 12 7 21
15 20 28 13
2 24 28 2
5 30 18 23
28 13 29 5
9 14 27 28
0 30 19 19
15 18 1 23
16 27 13 27
22 10 4 30
2 15 18 22
0 20 7 0
29 19 17 29
4 10 18 13
9 28 14 10
1 3 14 2
12 27 3 24
23 23 26 4
6 27 19 14
2 14 25 24
9 15 23 7
18 7 7 17
18 4 21 28
16 12 28 7
23 26 12 23
30 14 14 5
29 27 13 3
8 8 1 9
26 6 4 16
25 17 26 11
13 27 22 10
9 22 27 11
8 2 17 16
4 4 22 17
3 20 24 27
15 8 6 25
18 17 25 14
7 19 12 8
4 19 23 21
15 19 14 16
3 3 5 27
24 11 12 8
23 11 16 8
6 15 4 16
22 25 23 13
3 13 3 11
18 29 8 24
23 13 0 27
1 15 5 19
19 30 6 4
19 18 22 5
6 29 13 27
14 16 15 21
4 6 8 9
5 6 14 19
21 21 6 7
24 9 17 11
11 15 16 6
11 19 3 16
30 27 16 11
7 19 25 2
12 9 19 18
28 3 22 5
17 6 7 20
12 22 13 16
1 6 17 19
21 12 2 25
10 13 6 21
13 27 14 15
1 0 21 10
4 30 26 0
24 16 27 20