200
14 18 28 18
27 29 12 16
25 16 25 12
13 14 0 30
5 5 10 8
7 26 14 8
20 19 3 9
12 6 22 2
2 16 16 14
16 7 19 29
7 9 11 19
22 23 23 4
15 2 13 14
2 17 10 26
26 28 28 22
11 25 13 19
26 1 27 6
19 21 3 15
4 29 6 15
2 11 0 28
15 5 26 23
13 4 28 26
30 13 20 7
18 24 4 25
12 25 7 6
13 7 2 9
23 4 24 25
6 24 22 12
14 30 30 18
29 1 2 11
3 22 28 22
22 13 19 5
15 28 3 20
10 30 13 11
9 29 20 15
20 30 18 13
19 2 16 21
27 1 5 11
6 22 18 14
27 16 11 19
16 0 26 4
29 22 28 26
10 23 11 0
18 23 16 20
16 25 24 16
16 16 3 26
18 5 2 15
2 30 22 20
19 8 30 22
26 9 2 20
24 14 3 28
17 26 2 17
0 10 20 18
5 3 9 23
10 15 30 29
11 8 28 13
2 12 30 7
1 8 27 12
29 24 13 25
26 29 30 13
0 27 28 7
15 3 7 23
21 3 1 28
13 10 22 21
6 19 17 27
29 3 25 22
13 10 5 25
24 8 17 6
27 10 3 18
23 19 26 29
25 3 3 10
5 14 15 14
24 17 20 12
7 17 14 0
13 21 26 8
0 23 29 25
24 8 22 17
19 1 22 14
18 25 30 3
28 19 3 9
0 18 10 9
8 5 12 15
7 29 11 22
10 3 8 1
4 17 22 23
11 5 11 6
25 10 9 13
7 8 8 9
15 7 20 6
28 2 1 11
22 28 7 4
10 19 0 26
23 2 1 28
16 22 13 20
28 25 7 22
3 18 17 16
7 2 22 3
8 10 24 26
20 13 29 12
27 15 24 16
30 8 14 2
27 24 13 4
10 23 12 23
29 17 12 0
23 4 13 12
24 20 29 23
14 24 27 6
0 9 27 21
27 10 1 21
16 4 20 7
9 28 8 14
17 8 14 22
9 28 13 21
26 16 13 13
6 11 5 27
5 19 8 15
17 13 13 17
13 3 17 9
4 11 1 18
22 16 2 11
23 11 11 16
1 7 17 12
9 23 7 2
7 0 21 27
29 10 10 14
12 2 8 7
13 19 10 25
7 11 3 19
5 24 16 27
2 9 11 22
25 20 16 3
26 15 15 6
14 4 28 25
25 21 15 3
5 21 11 1
9 14 1 9
6 2 27 23
23 30 3 7
11 20 27 11
29 10 28 22
24 26 11 3
10 0 10 1
5 2 20 16
19 13 30 29
22 19 28 6
11 27 24 16
8 26 14 29
18 15 27 15
16 8 27 7
13 2 5 9
5 2 16 27
10 10 12 1
6 26 29 3
30 5 10 6
22 7 11 20
13 6 0 27
7 18 24 6
14 3 12 25
25 24 13 15
10 4 15 26
14 13 22 30
23 23 30 5
12 19 20 1
18 28 3 16
5 27 26 9
14 8 23 12
19 3 20 12
25 14 22 25
4 30 3 9
13 0 18 22
28 6 8 9
30 6 28 5
29 27 12 13
1 19 9 14
26 3 28 17
18 15 10 15
8 3 30 11
30 24 16 1
8 11 14 2
11 23 23 23
12 25 23 12
13 25 9 30
24 29 15 18
0 29 29 18
17 23 1 3
14 1 8 26
27 22 26 0
24 17 3 23
21 25 10 13
20 25 27 11
0 19 10 11
24 0 3 8
29 26 28 20
14 19 30 9
28 19 9 9
23 0 10 21
7 18 28 20
26 17 27 29
5 0 6 25
20 6 14 25