200
4 9 22 29
16 29 22 30
9 4 2 15
16 26 17 2
0 8 29 8
13 22 15 1
24 18 9 6
25 8 19 5
8 16 6 14
0 22 4 14
24 10 19 10
4 2 30 13
28 20 21 5
3 13 1 13
28 30 23 18
18 11 9 15
18 9 7 15
16 24 6 2
21 20 7 5
3 18 30 10
30 21 23 10
24 14 30 4
12 7 19 11
26 20 7 4
30 13 29 25
28 22 6 18
6 1 30 23
8 20 3 17
5 18 28 0
23 14 9 30
23 3 29 25
21 24 12 10
4 2 20 23
8 19 9 21
4 23 25 6
21 29 9 25
20 30 25 30
28 7 20 6
5 2 10 20
20 11 3 5
25 24 7 21
26 8 26 14
8 0 26 14
21 4 23 4
4 8 25 2
6 25 30 15
3 7 13 23
7 25 8 19
10 5 21 26
1 6 3 5
4 6 28 19
12 8 22 6
7 2 25 18
14 3 11 24
4 9 7 10
18 3 7 21
16 28 2 26
8 18 9 5
13 26 13 18
22 17 18 11
12 15 18 1
0 9 7 13
22 21 9 12
6 15 25 18
29 3 13 6
27 13 6 15
23 13 16 9
9 3 1 6
12 11 16 19
30 15 5 26
8 20 16 22
10 4 7 16
19 27 12 13
18 28 14 3
24 19 23 15
7 2 0 17
7 4 22 15
4 7 19 9
2 13 4 0
0 6 4 5
28 19 14 7
12 10 28 6
8 3 8 6
10 29 14 22
7 12 24 1
7 14 5 17
21 23 11 5
11 28 11 15
5 6 14 26
25 29 18 8
17 2 25 13
15 5 26 11
5 8 12 20
20 13 6 26
4 28 30 15
30 11 7 16
27 21 23 28
20 2 7 27
15 1 5 26
23 15 22 2
15 16 27 30
3 22 14 30
19 20 3 9
3 1 23 16
13 22 2 9
2 21 23 10
28 13 18 24
18 7 2 18
6 15 11 17
24 20 23 22
30 1 28 30
16 4 7 7
22 5 23 4
13 10 2 10
26 10 5 21
9 29 3 8
5 27 2 16
14 12 26 30
27 27 25 9
13 10 24 13
4 12 4 28
17 9 0 23
26 1 3 2
12 23 30 20
15 9 18 17
17 20 9 29
20 16 19 13
18 29 15 1
3 21 17 1
22 26 29 23
25 25 6 8
7 5 29 17
9 3 21 16
5 30 0 21
22 19 10 12
21 1 5 14
17 14 2 13
25 8 22 5
7 16 22 13
16 2 3 27
2 25 12 18
12 16 7 14
5 14 15 17
17 28 27 1
1 25 2 16
28 11 28 6
16 1 11 17
15 17 14 11
23 8 30 18
2 26 19 19
10 22 27 21
11 17 21 23
23 8 16 28
2 30 11 8
12 21 14 7
6 28 26 13
2 12 14 29
22 9 9 16
18 19 6 16
7 6 22 22
9 12 28 22
9 12 7 21
0 17 9 1
25 8 29 16
16 18 0 13
24 2 29 4
3 6 1 11
16 25 0 28
24 10 11 21
17 16 26 7
29 0 6 26
13 13 7 3
23 0 0 6
28 29 30 0
10 28 27 11
21 4 27 12
17 2 20 8
2 17 4 0
29 27 2 20
13 7 16 0
22 3 0 10
24 2 10 7
3 8 28 12
14 25 6 4
21 25 26 18
23 11 2 8
21 22 24 27
1 0 2 5
4 29 30 5
2 1 20 0
30 14 5 9
28 21 10 10
2 12 10 16
19 12 5 6
18 21 28 7
25 29 21 0
27 12 27 30
0 0 22 21
28 10 13 0
18 13 14 7