200
2 15 9 9
26 8 18 23
9 27 27 16
12 24 14 5
22 30 13 9
10 25 21 23
10 30 8 0
2 27 9 30
0 19 16 16
18 12 24 23
5 20 1 22
26 2 27 11
23 23 21 13
28 21 7 25
26 1 18 7
9 4 29 30
8 30 16 6
25 3 11 16
24 3 16 10
20 20 5 10
30 2 5 29
0 3 11 17
30 0 14 9
29 17 11 14
6 14 23 11
21 23 19 6
23 19 1 27
14 29 26 13
29 30 3 1
25 7 7 13
23 8 25 2
9 1 29 7
3 14 2 8
6 17 8 25
10 19 9 28
11 20 30 1
19 24 14 28
23 24 2 24
20 25 15 25
0 20 17 20
17 11 20 0
18 5 13 2
18 10 20 29
15 3 9 8
17 5 0 23
12 8 19 19
8 17 25 17
9 21 24 4
15 12 4 25
7 15 4 14
29 21 25 9
11 24 21 11
28 23 21 13
1 21 21 11
21 27 4 16
1 15 1 26
24 8 4 4
1 27 1 13
13 9 1 20
2 3 0 5
15 0 11 3
7 2 21 1
30 16 22 9
20 3 26 10
27 8 20 25
14 8 6 1
10 25 22 2
3 11 25 6
6 12 30 2
28 18 17 9
9 7 5 29
25 30 8 6
3 29 16 1
5 30 22 29
24 13 14 0
24 22 6 23
27 22 20 3
25 16 14 23
25 3 5 14
30 29 11 8
3 10 16 16
2 9 11 16
24 10 8 26
2 11 5 16
4 8 9 5
15 5 14 23
2 19 10 19
23 18 25 11
9 28 8 30
5 0 30 16
29 10 4 28
21 30 1 29
25 21 7 5
20 16 15 15
18 5 14 30
0 10 6 28
10 30 24 29
18 20 4 17
9 24 2 7
29 24 9 29
14 27 1 6
1 7 4 1
11 15 3 26
18 11 23 22
29 4 15 5
20 27 26 24
4 29 29 24
28 17 25 14
19 2 7 29
27 4 5 30
25 3 29 30
16 16 6 28
1 7 27 10
14 12 3 0
25 22 3 30
29 1 15 6
27 1 5 3
13 14 9 26
19 14 10 2
15 9 24 10
11 19 28 24
7 30 17 20
17 26 15 21
26 28 1 12
3 22 26 25
2 7 30 23
0 7 17 8
25 27 6 21
8 1 23 3
15 5 6 24
10 26 7 8
0 21 29 14
14 8 0 29
24 21 0 27
6 18 12 24
13 30 0 2
2 24 7 19
13 26 4 9
2 12 11 19
10 11 14 26
17 2 7 1
7 6 11 16
16 21 28 14
25 18 24 28
16 3 5 14
23 17 7 10
21 8 26 28
28 14 11 18
7 12 21 24
5 28 1 23
15 20 29 11
17 24 13 22
10 20 24 24
25 14 10 24
27 4 26 1
18 30 13 6
7 4 8 20
11 26 23 3
2 13 12 27
0 3 3 19
26 30 13 24
16 22 11 6
1 18 15 12
23 14 3 13
25 25 1 29
12 1 22 17
2 16 7 0
23 27 25 0
8 7 6 10
25 27 25 4
9 4 26 7
24 1 2 20
22 14 1 12
26 18 30 25
2 11 6 14
29 7 0 21
13 21 1 11
26 23 18 28
26 9 9 3
11 17 18 21
7 15 23 1
21 8 26 13
9 13 17 12
10 25 2 13
4 21 27 19
4 9 2 21
2 18 5 22
4 5 27 12
10 10 16 0
3 27 23 25
27 11 9 28
15 20 15 19
6 5 22 14
30 22 13 13
9 28 6 26
14 5 0 24
2 30 15 29
3 24 19 18
13 18 21 24
2 1 0 10