200
14 15 0 21
30 23 12 28
14 7 18 13
7 22 29 6
1 14 3 30
21 4 24 22
12 21 3 2
19 0 30 6
25 23 22 21
15 7 15 25
18 3 13 10
4 3 2 12
18 30 14 20
6 28 24 6
3 30 25 5
8 28 21 26
9 10 13 8
27 4 18 8
23 7 12 21
6 1 24 10
9 30 11 29
0 5 14 17
9 12 26 8
8 11 25 1
11 18 5 28
7 30 13 11
12 10 13 29
16 27 7 20
26 1 15 6
8 29 11 27
26 30 20 20
10 15 24 18
22 25 12 18
16 12 20 0
1 26 14 10
0 23 28 23
22 9 20 0
23 4 21 0
13 6 18 30
29 3 12 8
11 0 28 4
17 14 7 15
27 1 4 7
7 29 24 19
19 28 30 26
17 7 29 27
2 19 1 4
7 9 21 24
6 26 4 8
10 30 6 11
13 11 3 26
2 8 5 3
16 12 12 14
12 8 23 28
26 12 6 6
19 13 22 22
15 9 6 1
21 29 27 2
28 13 14 17
27 27 30 3
30 20 16 10
22 26 25 17
1 18 8 10
0 7 24 6
19 27 11 3
25 22 20 2
13 22 25 3
15 14 17 9
15 6 19 20
13 29 7 15
14 26 6 22
6 26 25 10
30 11 15 9
3 5 14 15
5 22 25 17
2 26 28 21
28 22 19 27
0 30 5 14
25 1 29 0
12 7 12 1
9 20 21 27
14 14 10 18
0 5 16 7
27 10 2 24
9 23 21 15
20 24 30 23
11 26 0 4
13 2 23 13
9 5 4 3
18 4 18 30
8 25 6 17
24 23 20 10
5 21 15 3
27 10 20 4
15 17 2 21
10 20 4 26
21 13 6 20
10 3 10 23
27 16 17 1
2 23 20 1
24 18 11 13
1 13 4 3
29 23 19 13
3 0 14 4
28 14 19 6
9 18 30 14
5 16 6 7
16 26 0 14
26 8 24 8
19 21 25 2
15 13 13 27
10 26 19 22
15 20 30 25
4 20 26 25
5 6 11 13
22 4 20 3
21 1 17 10
14 5 17 6
10 14 19 1
22 10 21 6
30 12 22 26
11 1 9 16
15 23 6 25
15 15 25 15
20 7 13 0
15 4 8 25
22 6 29 19
3 24 29 2
9 1 5 5
3 0 30 22
8 1 29 2
28 8 11 18
14 28 6 20
25 26 21 21
0 19 8 18
27 0 6 28
6 4 26 14
12 24 1 20
19 16 30 15
9 26 24 20
27 14 11 3
8 29 26 16
23 25 11 27
6 12 23 17
2 15 12 19
6 6 5 9
22 28 6 27
11 5 23 8
25 4 15 15
21 0 28 6
27 7 18 14
11 7 29 25
2 16 7 21
12 1 16 4
3 30 26 24
21 10 21 11
21 21 25 10
20 16 19 30
13 1 9 8
19 7 19 12
29 20 22 27
5 11 13 11
17 15 10 5
7 23 4 23
10 27 26 26
30 10 3 12
20 3 0 20
20 18 3 9
27 6 21 29
14 30 16 10
15 17 24 26
30 11 10 16
27 24 19 18
22 26 4 25
7 20 22 1
5 8 4 26
12 21 20 12
2 10 3 29
2 5 4 9
29 22 9 20
24 12 7 4
4 16 6 20
28 17 1 9
5 17 25 17
14 26 16 25
12 16 8 27
9 19 19 5
20 8 23 16
23 2 20 11
24 14 13 1
6 15 20 21
16 3 1 19
4 4 8 3
7 1 10 2
29 17 12 13
17 28 20 9
11 22 10 26
18 27 16 14
8 30 20 24
14 7 20 0