150 250 0
0 75
1 76
2 77
3 78
4 79
5 80
6 81
7 82
8 83
9 84
10 85
11 86
12 87
13 88
14 89
15 90
16 91
17 92
18 93
19 94
20 95
21 96
22 97
23 98
24 99
25 100
26 101
27 102
28 103
29 104
30 105
31 106
32 107
33 108
34 109
35 110
36 111
37 112
38 113
39 114
40 115
41 116
42 117
43 118
44 119
45 120
46 121
47 122
48 123
49 124
50 125
51 126
52 127
53 128
54 129
55 130
56 131
57 132
58 133
59 134
60 135
61 136
62 137
63 138
64 139
65 140
66 141
67 142
68 143
69 144
70 145
71 146
72 147
73 148
74 149
0 2
2 4
4 6
6 8
8 10
10 12
12 14
14 16
16 18
18 20
20 22
22 24
24 26
26 28
28 30
30 32
32 34
34 36
36 38
38 40
40 42
42 44
44 46
46 48
48 50
50 52
52 54
54 56
56 58
58 60
60 62
62 64
64 66
66 68
68 70
70 72
72 74
74 76
76 78
78 80
80 82
82 84
84 86
86 88
88 90
90 92
92 94
94 96
96 98
98 100
100 102
102 104
104 106
106 108
108 110
110 112
112 114
114 116
116 118
118 120
120 122
122 124
124 126
126 128
128 130
130 132
132 134
134 136
136 138
138 140
140 142
142 144
144 146
146 148
148 0
1 3
3 5
5 7
7 9
9 11
11 13
13 15
15 17
17 19
19 21
21 23
23 25
25 27
27 29
29 31
31 33
33 35
35 37
37 39
39 41
41 43
43 45
45 47
47 49
49 51
51 53
53 55
55 57
57 59
59 61
61 63
63 65
65 67
67 69
69 71
71 73
73 75
75 77
77 79
79 81
81 83
83 85
85 87
87 89
89 91
91 93
93 95
95 97
97 99
99 101
101 103
103 105
105 107
107 109
109 111
111 113
113 115
115 117
117 119
119 121
121 123
123 125
125 127
127 129
129 131
131 133
133 135
135 137
137 139
139 141
141 143
143 145
145 147
147 149
149 1
