150 225 0
0 1
1 2
2 0
3 4
4 5
5 3
6 7
7 8
8 6
9 10
10 11
11 9
12 13
13 14
14 12
15 16
16 17
17 15
18 19
19 20
20 18
21 22
22 23
23 21
24 25
25 26
26 24
27 28
28 29
29 27
30 31
31 32
32 30
33 34
34 35
35 33
36 37
37 38
38 36
39 40
40 41
41 39
42 43
43 44
44 42
45 46
46 47
47 45
48 49
49 50
50 48
51 52
52 53
53 51
54 55
55 56
56 54
57 58
58 59
59 57
60 61
61 62
62 60
63 64
64 65
65 63
66 67
67 68
68 66
69 70
70 71
71 69
72 73
73 74
74 72
75 76
76 77
77 75
78 79
79 80
80 78
81 82
82 83
83 81
84 85
85 86
86 84
87 88
88 89
89 87
90 91
91 92
92 90
93 94
94 95
95 93
96 97
97 98
98 96
99 100
100 101
101 99
102 103
103 104
104 102
105 106
106 107
107 105
108 109
109 110
110 108
111 112
112 113
113 111
114 115
115 116
116 114
117 118
118 119
119 117
120 121
121 122
122 120
123 124
124 125
125 123
126 127
127 128
128 126
129 130
130 131
131 129
132 133
133 134
134 132
135 136
136 137
137 135
138 139
139 140
140 138
141 142
142 143
143 141
144 145
145 146
146 144
147 148
148 149
149 147