100 1
0 54
0 71
0 61
0 63
0 70
0 73
0 91
0 81
0 74
0 84
0 94
0 50
0 78
0 77
0 66
0 59
0 99
0 88
0 72
0 58
1 96
1 84
1 65
1 71
1 67
1 62
1 55
1 88
1 83
1 70
1 52
1 50
1 58
1 94
1 91
1 51
1 97
1 86
1 80
1 73
1 76
1 99
1 95
1 92
1 87
1 64
1 82
1 81
1 89
1 57
1 98
1 74
1 68
1 72
1 78
1 53
1 56
1 79
1 90
1 69
1 54
1 59
1 60
1 63
1 85
1 61
1 93
1 75
1 77
1 66
2 86
2 69
2 83
2 51
2 88
2 66
2 59
2 98
2 90
2 62
2 74
2 75
2 81
2 91
2 63
2 73
2 79
2 87
2 68
2 65
2 77
2 78
2 84
2 72
2 80
2 85
2 82
2 64
2 52
2 89
2 54
2 93
2 76
2 60
2 57
3 56
3 75
3 96
3 58
3 52
3 83
3 95
3 55
3 53
3 63
3 64
3 81
3 51
3 86
3 88
3 79
3 50
3 60
3 90
3 78
3 99
3 91
3 73
3 93
3 85
3 66
3 98
3 71
3 61
3 65
3 57
3 97
4 70
4 91
4 86
4 65
4 89
4 87
4 90
4 77
4 54
4 82
4 99
4 98
4 92
4 71
4 61
4 63
4 73
4 96
4 74
4 50
4 68
4 76
5 97
5 66
5 86
5 78
5 94
5 92
5 64
5 83
6 92
6 65
6 61
6 53
6 68
6 91
6 98
6 75
6 56
6 73
6 67
6 60
6 79
6 64
6 81
6 83
6 93
6 70
6 99
6 87
6 62
6 57
6 71
6 76
6 55
6 52
6 96
6 97
6 50
6 94
6 90
6 80
6 95
6 86
6 78
6 84
6 89
6 58
6 77
6 72
6 51
6 63
6 66
6 54
6 82
6 88
6 74
6 69
6 85
6 59
7 73
7 61
7 82
7 87
7 69
7 74
7 58
7 77
7 54
7 52
7 97
7 53
7 93
7 89
7 94
7 75
7 59
7 70
7 79
7 78
7 99
7 88
7 51
7 84
7 98
7 55
7 91
7 90
7 96
7 50
7 63
7 65
7 86
8 78
8 64
8 76
8 53
8 83
8 99
8 77
8 62
8 88
8 93
8 80
8 50
8 89
8 84
8 57
8 71
8 92
8 63
8 61
8 68
8 73
8 91
8 51
8 55
8 98
8 86
8 87
8 96
8 56
8 52
8 66
8 97
8 59
8 72
8 90
8 75
8 70
8 85
8 67
8 95
9 56
9 74
9 51
9 89
9 97
9 66
9 63
9 91
9 76
9 53
9 84
9 62
9 85
9 58
9 52
9 96
9 81
9 68
9 99
9 55
9 95
9 88
9 64
9 94
9 73
9 67
9 83
9 78
9 90
9 70
9 60
9 59
9 86
9 82
9 72
9 75
10 50
10 51
10 91
10 80
10 57
10 98
10 95
10 78
10 67
10 89
10 81
10 79
10 65
10 69
10 63
10 88
11 72
11 96
11 73
11 76
11 67
11 87
11 98
11 56
11 80
11 79
11 60
11 92
11 84
11 61
11 69
11 88
11 51
11 90
11 50
11 82
11 65
11 95
11 75
11 71
11 55
11 78
11 54
11 66
11 58
11 85
11 99
11 64
11 63
11 62
11 81
11 57
11 91
11 77
11 93
11 70
11 53
11 94
11 83
11 68
11 89
11 52
11 86
12 82
12 71
12 76
12 78
12 86
12 73
12 52
12 72
12 80
12 96
12 90
12 53
12 99
12 50
12 97
12 81
12 57
12 55
12 93
12 84
12 70
12 98
12 69
12 56
12 95
13 53
13 77
13 81
13 74
13 75
13 95
13 88
13 55
13 66
13 60
13 65
13 54
13 90
13 57
13 92
13 64
13 73
13 50
14 58
14 66
14 85
14 57
14 56
14 62
14 81
14 82
14 89
14 75
14 52
14 59
14 96
14 51
14 61
14 90
14 79
14 71
14 80
14 77
14 78
14 86
14 98
14 67
14 84
15 71
16 85
17 51
17 87
17 86
17 56
17 77
17 92
17 59
17 63
17 58
17 76
17 93
17 62
17 57
17 60
17 98
17 81
17 71
17 53
17 72
17 78
17 75
17 52
17 99
17 64
17 69
17 96
17 85
17 55
17 89
17 83
17 50
17 54
17 94
17 88
17 70
17 90
17 65
17 97
17 91
17 80
17 66
17 74
17 95
17 67
17 79
17 61
17 73
17 68
17 82
17 84
18 73
18 78
18 76
18 60
18 94
18 53
18 55
18 54
18 84
18 58
18 72
18 97
18 52
18 89
18 57
18 85
18 82
18 96
18 74
18 75
18 90
19 63
19 72
19 62
19 77
19 52
19 69
19 87
19 82
19 54
19 57
19 96
19 74
19 93
19 66
19 78
19 50
19 75
19 64
19 55
19 95
19 68
19 86
19 67
19 51
19 90
19 56
19 60
19 65
19 83
19 61
19 79
19 99
19 97
19 73
19 84
19 94
19 58
19 85
19 71
19 91
19 98
19 81
19 80
19 59
19 88
19 70
20 85
20 99
20 66
20 81
20 64
20 89
20 56
20 69
20 58
20 92
20 60
21 90
21 62
21 51
21 80
21 75
21 96
21 68
21 70
21 92
21 97
21 52
21 55
21 50
21 63
21 91
21 84
21 93
21 89
21 65
21 83
21 81
21 78
21 82
21 86
21 74
21 66
21 58
21 56
21 54
21 98
21 73
21 69
21 71
21 85
21 87
21 72
21 76
21 61
21 95
21 64
21 88
21 77
21 99
21 57
22 59
22 64
22 81
22 71
22 56
22 65
22 68
22 86
22 82
22 73
22 99
22 60
22 89
22 58
22 72
22 63
22 92
22 77
22 70
22 79
22 53
22 62
22 93
22 96
22 67
22 85
22 95
22 91
22 69
22 52
22 55
22 66
22 94
22 80
22 54
22 88
22 50
22 57
22 74
22 84
22 61
22 98
22 87
22 51
22 75
23 50
23 89
23 87
23 61
23 86
23 82
23 81
23 73
23 75
23 96
23 65
23 90
23 60
23 93
23 54
23 64
23 72
23 80
23 52
23 62
23 67
23 99
23 85
23 83
23 76
24 59
24 64
24 71
24 94
24 68
24 57
24 82
24 89
24 87
24 62
24 98
24 93
24 65
25 71
25 85
25 94
25 72
25 56
25 64
26 84
26 81
26 99
26 82
26 97
26 86
27 81
27 67
27 56
27 60
27 54
27 62
27 85
27 92
27 75
27 98
27 55
27 64
27 80
27 58
27 51
27 83
27 97
27 86
27 74
27 50
27 79
27 59
27 78
27 88
27 77
28 62
28 78
28 71
28 67
28 93
28 81
28 59
28 98
28 97
28 79
28 73
28 91
28 95
28 85
28 75
28 52
28 60
28 55
28 99
28 92
28 68
28 87
28 50
28 90
28 84
28 64
28 77
28 69
28 82
28 63
28 66
29 89
29 87
29 86
29 98
29 60
29 91
29 81
29 62
29 58
29 63
29 97
29 76
29 88
29 96
29 65
29 52
29 66
29 51
29 56
29 70
29 53
29 83
29 67
29 68
29 95
29 92
29 55
29 57
29 93
29 71
30 87
30 84
30 94
30 88
31 50
31 70
31 95
31 85
31 73
31 66
31 82
31 97
31 81
31 78
31 52
31 56
31 61
31 96
31 92
31 80
31 58
31 84
31 91
31 90
31 75
31 77
31 55
31 71
31 74
31 79
31 68
31 86
31 63
31 72
31 88
31 94
31 54
31 65
31 93
31 76
32 80
32 73
32 97
32 59
32 51
32 61
32 52
32 56
32 87
32 71
32 75
32 91
32 74
32 90
32 81
32 82
32 60
32 89
32 86
32 64
32 65
32 55
32 99
32 88
33 55
33 78
33 79
33 98
33 61
33 93
33 71
33 74
33 82
33 51
33 88
33 84
34 72
34 63
34 80
34 83
34 53
34 87
35 56
35 60
35 58
35 61
35 96
35 51
35 88
35 62
35 68
35 79
35 90
35 81
35 74
35 57
35 95
35 98
35 83
35 99
35 54
35 76
35 67
35 91
35 50
35 77
35 87
35 71
35 84
35 85
35 55
35 89
35 52
35 59
35 82
35 65
35 63
35 70
35 97
36 91
36 87
36 99
37 82
37 76
38 65
38 88
38 99
39 87
39 95
39 50
39 94
39 65
39 96
39 70
39 89
39 60
39 71
39 61
39 63
39 75
39 91
39 62
39 67
39 82
39 72
39 58
39 57
39 86
39 54
39 80
39 56
39 51
39 78
39 59
39 97
39 90
39 99
39 52
39 73
39 74
39 68
39 92
39 88
39 81
39 79
39 55
39 76
39 69
39 93
39 84
39 83
40 90
40 86
40 87
40 84
40 85
40 93
40 99
40 94
40 71
40 52
40 63
40 56
40 65
40 78
40 88
40 58
40 80
40 75
40 82
40 54
40 89
40 81
40 60
40 79
40 92
40 74
40 59
40 66
40 69
40 72
40 61
40 73
40 76
40 53
40 98
40 83
40 64
40 77
40 68
40 57
40 91
40 95
40 55
40 62
40 70
40 67
40 97
41 70
41 98
41 77
41 99
41 92
41 76
41 86
41 85
41 83
41 65
41 72
41 56
41 75
41 89
41 78
41 60
41 80
41 81
41 91
41 74
41 58
41 61
41 53
41 66
41 82
41 73
41 67
41 55
41 71
41 96
41 88
41 62
41 87
41 90
41 63
42 94
43 91
43 92
43 70
43 65
43 69
43 86
43 74
43 59
43 66
43 67
43 87
43 81
43 94
43 60
43 71
43 55
43 97
43 95
43 57
43 72
43 53
43 77
43 99
43 80
43 85
43 54
44 88
44 93
44 81
44 83
44 76
44 58
44 56
44 54
44 85
44 84
44 50
44 57
45 51
45 55
45 66
45 62
45 52
45 88
45 76
45 83
45 74
45 69
45 96
45 80
45 81
45 59
45 56
45 84
45 99
45 65
45 97
45 95
45 75
45 78
45 67
45 86
45 94
45 73
45 92
45 79
45 60
45 85
45 64
45 70
45 58
45 82
45 77
45 98
46 84
46 89
46 55
46 75
46 86
46 70
46 58
46 91
46 59
46 50
46 71
46 82
46 87
46 53
46 99
46 74
46 66
46 60
46 80
46 62
46 77
46 61
46 79
46 57
46 92
46 81
46 83
46 98
46 93
46 96
46 56
46 85
46 51
46 95
46 63
46 73
46 72
46 68
47 70
47 56
47 69
47 86
47 92
47 99
47 55
47 52
47 60
47 85
47 59
47 76
47 73
47 63
47 96
47 94
48 69
48 55
48 89
48 51
48 81
48 94
48 56
48 84
48 62
48 78
48 85
48 64
48 66
48 83
48 50
48 82
48 71
49 95
49 78
49 63
49 71
49 55
49 58
49 88
49 54
49 69