100 150 0
0 1
0 3
1 2
1 4
2 3
2 5
3 4
4 5
5 6
6 7
6 9
7 8
7 10
8 9
8 11
9 10
10 11
11 12
12 13
12 15
13 14
13 16
14 15
14 17
15 16
16 17
17 18
18 19
18 21
19 20
19 22
20 21
20 23
21 22
22 23
23 24
24 25
24 27
25 26
25 28
26 27
26 29
27 28
28 29
29 30
30 31
30 33
31 32
31 34
32 33
32 35
33 34
34 35
35 36
36 37
36 39
37 38
37 40
38 39
38 41
39 40
40 41
41 42
42 43
42 45
43 44
43 46
44 45
44 47
45 46
46 47
47 48
48 49
48 51
49 50
49 52
50 51
50 53
51 52
52 53
53 54
54 55
54 57
55 56
55 58
56 57
56 59
57 58
58 59
59 60
60 61
60 63
61 62
61 64
62 63
62 65
63 64
64 65
65 66
66 67
66 69
67 68
67 70
68 69
68 71
69 70
70 71
71 72
72 73
72 75
73 74
73 76
74 75
74 77
75 76
76 77
77 78
78 79
78 81
79 80
79 82
80 81
80 83
81 82
82 83
83 84
84 85
84 87
85 86
85 88
86 87
86 89
87 88
88 89
89 90
90 91
90 93
91 92
91 94
92 93
92 95
93 94
94 95
95 96
96 97
96 99
97 98
97 0
98 99
98 1
99 0