150 0
0 75
1 76
2 77
3 78
4 79
5 80
6 81
7 82
8 83
9 84
10 85
11 86
12 87
13 88
14 89
15 90
16 91
17 92
18 93
19 94
20 95
21 96
22 97
23 98
24 99
25 100
26 101
27 102
28 103
29 104
30 105
31 106
32 107
33 108
34 109
35 110
36 111
37 112
38 113
39 114
40 115
41 116
42 117
43 118
44 119
45 120
46 121
47 122
48 123
49 124
50 125
51 126
52 127
53 128
54 129
55 130
56 131
57 132
58 133
59 134
60 135
61 136
62 137
63 138
64 139
65 140
66 141
67 142
68 143
69 144
70 145
71 146
72 147
73 148
74 149
0 76
1 77
2 78
3 79
4 80
5 81
6 82
7 83
8 84
9 85
10 86
11 87
12 88
13 89
14 90
15 91
16 92
17 93
18 94
19 95
20 96
21 97
22 98
23 99
24 100
25 101
26 102
27 103
28 104
29 105
30 106
31 107
32 108
33 109
34 110
35 111
36 112
37 113
38 114
39 115
40 116
41 117
42 118
43 119
44 120
45 121
46 122
47 123
48 124
49 125
50 126
51 127
52 128
53 129
54 130
55 131
56 132
57 133
58 134
59 135
60 136
61 137
62 138
63 139
64 140
65 141
66 142
67 143
68 144
69 145
70 146
71 147
72 148
73 149
74 75
75 76
76 77
77 78
78 79
79 80
80 81
81 82
82 83
83 84
84 85
85 86
86 87
87 88
88 89
89 90
90 91
91 92
92 93
93 94
94 95
95 96
96 97
97 98
98 99
99 100