1600
26 17 7 21
11 22 10 11
26 14 2 30
20 10 0 23
19 29 9 4
22 21 13 2
19 22 17 25
28 8 7 13
5 3 16 4
25 21 5 23
17 6 24 21
5 19 26 27
21 0 7 9
3 9 3 22
9 24 29 22
12 22 6 9
24 19 23 3
8 23 19 10
29 15 7 24
14 27 26 11
22 2 25 0
25 3 23 15
0 15 14 25
18 1 26 26
8 17 2 11
12 4 8 29
20 22 23 4
13 5 2 24
11 25 30 20
4 29 3 23
4 22 5 20
8 14 18 24
18 30 11 21
27 14 12 25
1 1 11 2
28 17 12 28
15 22 6 28
23 17 3 30
8 25 27 14
12 12 14 7
13 5 3 9
17 21 11 2
12 5 26 25
9 4 5 13
13 21 22 2
6 3 25 25
29 11 26 21
5 24 30 14
13 9 12 19
20 10 4 5
9 0 14 10
25 6 7 18
9 19 5 29
20 28 29 17
9 25 30 15
7 0 10 1
28 2 6 21
25 14 18 8
29 25 9 19
12 0 15 15
8 17 8 8
7 20 17 12
25 30 20 7
17 0 15 3
11 7 5 14
19 11 28 0
7 20 0 18
26 18 13 2
23 6 17 17
5 20 11 21
12 7 24 28
3 10 22 8
19 28 26 18
13 29 17 29
13 24 20 8
16 23 4 20
7 25 14 8
21 27 30 17
25 30 20 27
30 26 6 22
22 4 21 10
17 0 28 24
23 26 24 19
11 8 23 5
11 21 19 21
21 28 4 6
18 17 8 9
25 24 17 0
11 15 25 16
28 29 3 23
27 21 17 29
17 25 7 15
26 27 7 0
13 25 26 26
7 9 28 30
26 8 27 8
22 29 1 22
3 0 29 22
7 3 11 21
19 20 12 26
4 9 23 25
2 12 19 4
28 22 15 17
5 0 23 13
25 28 20 21
9 9 14 14
29 17 10 23
16 17 22 3
30 4 9 28
16 17 30 22
1 18 4 19
23 27 20 18
17 7 11 15
24 15 5 1
3 7 7 6
9 5 0 23
22 7 30 26
30 15 17 22
21 12 20 1
22 15 5 14
24 19 25 4
14 3 30 18
3 20 24 14
9 14 9 13
7 30 23 15
21 17 26 8
30 28 29 28
24 13 2 21
12 7 11 2
20 1 25 10
14 23 24 0
22 26 16 30
15 12 5 27
4 26 3 16
24 5 18 18
15 22 8 21
20 0 0 20
22 17 17 25
10 1 26 25
9 15 20 4
13 21 16 9
15 24 15 30
25 19 1 1
17 14 22 20
27 24 13 18
22 7 9 2
10 0 19 9
25 3 7 1
23 6 4 17
10 22 18 30
27 30 15 15
22 16 19 13
30 16 7 12
25 24 7 21
17 20 4 26
13 26 22 18
21 15 1 26
18 14 27 10
1 27 7 21
20 13 11 23
25 1 12 17
22 20 23 12
21 7 14 14
14 11 23 22
4 21 10 7
21 24 29 27
29 20 8 19
0 24 19 5
10 15 30 29
1 30 16 5
2 27 13 30
1 26 15 14
16 28 16 1
4 3 0 22
7 25 25 15
27 9 4 13
8 29 3 29
25 8 10 7
1 20 24 24
21 30 23 0
29 11 23 28
24 18 1 27
15 10 12 15
28 23 22 29
13 9 16 28
22 8 24 3
10 20 25 26
11 25 9 9
5 21 1 20
27 1 28 10
28 17 15 0
20 25 12 0
21 27 17 13
11 27 8 1
16 1 29 18
6 3 3 20
24 5 20 24
2 1 0 12
15 2 14 14
19 9 17 1
22 22 6 7
30 2 4 17
24 16 4 5
17 30 15 11
2 27 10 27
7 7 0 26
5 14 13 20
4 30 23 17
17 27 6 11
3 19 29 22
12 27 10 3
22 8 6 2
26 9 1 23
9 17 14 30
21 23 12 16
14 22 0 2
10 3 9 24
13 14 18 4
14 25 26 20
10 28 0 15
18 21 21 11
11 18 30 15
23 6 11 25
3 27 14 3
2 4 12 26
21 30 2 22
19 28 2 24
7 14 8 14
25 20 17 3
29 6 25 3
21 22 18 20
21 2 1 22
13 1 22 21
7 0 7 4
6 6 4 15
13 22 30 14
4 30 7 27
3 22 14 9
25 22 26 0
17 16 12 25
7 11 15 17
2 14 21 5
25 2 9 20
12 6 4 4
14 11 28 18
27 21 13 0
12 27 1 11
2 2 8 1
14 22 30 23
27 24 16 19
22 19 20 25
8 13 5 16
7 18 18 24
8 19 24 29
27 21 21 18
13 19 19 29
6 10 7 7
4 0 6 1
20 10 19 4
15 12 27 8
22 19 12 11
4 20 25 2
30 9 19 15
4 30 30 13
7 20 23 12
30 29 4 10
9 27 2 19
27 9 29 10
16 9 9 28
5 3 9 2
29 27 4 29
23 20 10 11
14 16 26 25
21 13 3 21
6 16 23 17
17 10 17 14
20 0 18 10
11 22 1 19
14 4 17 3
28 20 26 22
14 18 30 11
22 18 5 10
6 29 28 3
12 24 1 9
13 0 22 8
29 5 1 25
9 1 17 6
2 19 19 14
25 16 30 1
23 17 4 13
23 21 22 4
3 11 22 13
16 2 13 12
10 9 1 24
5 29 29 25
5 11 17 27
2 20 19 22
3 18 27 10
24 8 19 19
23 30 17 12
2 11 3 17
24 29 4 14
30 3 20 27
24 12 19 19
22 17 18 6
19 6 23 20
21 29 18 25
25 6 5 27
17 8 12 21
8 6 7 18
26 9 5 11
3 25 2 1
9 15 11 15
22 4 29 6
17 7 5 21
9 29 13 1
10 22 10 17
26 27 16 30
28 6 9 22
28 30 20 17
27 20 15 10
1 29 29 16
2 16 17 24
29 18 13 26
13 0 5 23
6 28 14 24
2 26 21 12
12 1 11 26
1 17 12 18
13 12 24 26
2 4 27 2
28 7 12 23
1 0 15 18
25 9 30 18
10 3 18 24
30 1 21 18
9 4 14 28
0 24 11 19
26 9 10 9
13 25 13 26
4 7 3 1
7 12 15 4
8 3 15 18
12 9 18 23
14 30 5 29
23 2 5 11
9 9 20 7
20 20 0 6
16 0 30 8
14 26 5 17
4 28 2 28
17 6 12 9
16 8 2 4
15 23 12 14
11 4 18 4
12 17 23 30
24 6 27 27
13 6 29 3
18 3 7 4
19 24 15 4
1 24 18 29
8 16 19 3
23 18 0 19
24 22 29 26
12 8 20 21
7 7 7 17
30 21 29 11
17 19 3 21
28 28 6 11
24 8 30 12
24 18 12 1
19 12 8 27
4 10 24 27
3 3 8 21
0 21 7 22
2 16 6 13
9 26 9 2
8 19 16 26
29 3 15 17
12 4 30 27
13 8 30 1
28 12 14 30
14 12 5 15
7 21 6 7
17 0 21 10
9 3 4 20
12 19 13 25
19 0 24 19
21 4 6 5
27 0 8 13
0 0 28 12
15 21 6 3
25 2 24 20
27 3 8 10
0 22 10 16
24 4 21 22
27 13 15 11
4 14 15 1
10 14 9 13
23 24 8 8
13 7 27 9
22 11 18 26
10 23 1 2
7 26 18 1
20 12 30 18
22 25 3 25
1 24 18 1
19 13 2 21
24 2 27 23
27 25 6 20
23 12 4 11
23 2 2 1
19 9 15 15
5 30 5 0
23 6 28 8
9 2 24 12
12 4 17 28
10 3 29 0
11 25 23 17
15 0 26 19
24 1 30 21
14 17 8 0
13 18 29 25
6 10 28 28
28 5 13 4
14 10 14 17
18 22 13 15
15 2 5 8
29 20 27 15
21 6 13 10
22 24 30 18
6 26 12 8
27 19 3 9
1 25 15 2
19 9 30 12
7 21 10 24
6 28 29 14
22 18 18 1
20 0 20 20
5 12 10 14
27 10 8 30
17 15 6 28
19 24 16 2
8 4 9 10
21 18 10 5
28 2 17 2
5 21 28 25
25 23 7 20
11 12 14 22
27 20 13 1
1 23 26 9
3 18 13 11
24 3 17 5
9 10 29 25
25 27 20 21
0 1 15 21
15 6 30 27
16 24 30 7
22 4 15 27
20 15 2 21
16 13 30 14
30 2 14 26
15 16 22 7
1 28 3 7
22 15 22 29
6 3 28 21
8 30 8 10
1 10 0 25
17 13 17 29
13 6 23 1
30 22 21 4
2 23 24 6
4 0 25 28
10 21 17 17
26 8 9 30
20 1 8 9
11 19 24 11
30 29 3 5
27 18 0 17
22 24 26 8
22 30 29 18
13 19 22 10
5 16 17 25
18 0 23 18
24 26 27 22
9 28 21 10
4 30 5 4
7 13 4 8
10 22 19 13
7 30 16 5
2 12 2 6
16 9 13 0
30 20 30 7
1 22 15 12
21 3 7 11
17 26 21 19
3 23 5 3
26 10 5 25
24 18 29 9
29 21 22 23
12 8 15 29
6 11 28 16
15 26 18 1
17 16 12 23
30 11 17 13
20 2 23 29
11 29 11 1
27 9 3 2
16 22 29 28
30 29 25 12
22 16 13 29
24 4 9 2
8 3 4 16
24 16 30 1
14 29 30 22
14 29 22 25
9 1 29 10
13 23 14 15
24 23 17 0
3 15 15 13
5 27 7 10
22 27 29 25
16 20 6 4
1 16 15 26
13 16 6 28
5 22 9 22
19 24 28 30
9 23 30 22
5 15 29 0
6 22 18 12
2 8 12 25
18 22 12 0
4 23 4 1
23 7 23 19
11 2 21 14
29 18 28 8
9 14 10 21
1 0 29 14
11 7 19 26
15 7 29 25
18 12 23 8
9 4 15 1
15 18 13 20
27 6 23 25
9 12 20 27
27 7 22 4
27 14 20 8
26 6 17 18
15 14 23 27
17 15 9 4
19 30 12 20
11 15 7 18
0 30 4 14
16 22 1 21
24 12 19 2
13 4 6 5
4 4 25 8
4 21 23 28
15 11 23 26
2 13 30 23
19 17 6 5
2 1 29 5
20 1 2 30
22 24 18 17
5 27 21 12
25 25 25 5
22 5 0 1
27 15 10 28
14 12 5 17
21 12 13 10
10 4 26 16
25 0 2 2
16 2 18 17
14 3 20 14
30 22 12 28
23 28 2 5
1 1 18 22
20 3 23 5
11 15 30 15
27 11 22 13
2 22 24 11
21 29 7 22
2 17 28 20
12 24 27 14
1 11 3 23
20 28 16 30
25 10 20 19
0 24 23 29
25 22 0 28
12 1 12 16
21 25 30 0
5 16 8 1
29 9 27 12
14 4 26 15
13 19 12 9
28 19 25 10
14 15 1 12
13 10 13 18
23 15 29 4
16 29 21 27
29 9 9 17
21 12 3 26
30 22 4 14
23 14 27 7
0 30 28 12
25 0 7 30
13 12 12 16
9 26 22 7
9 29 10 27
25 16 29 30
28 22 12 6
1 0 13 30
6 25 6 24
5 6 21 10
19 28 28 15
3 9 11 23
25 24 30 11
21 13 28 22
9 18 2 8
13 20 15 26
11 16 30 23
28 3 18 18
2 18 16 17
8 25 21 16
25 1 1 30
19 25 13 3
9 29 2 9
3 27 18 29
5 8 30 9
1 17 9 23
14 20 3 27
1 25 16 5
21 17 28 18
3 4 28 18
16 22 25 1
12 16 7 14
10 21 0 30
25 15 30 12
18 9 21 4
19 0 4 25
15 2 15 27
2 19 22 26
19 20 22 28
29 28 13 6
3 2 22 25
19 7 3 12
20 2 18 21
5 7 16 25
18 10 26 20
19 22 8 13
21 8 13 29
11 13 3 8
26 25 12 6
2 22 30 10
25 3 11 28
17 26 11 29
13 3 0 27
20 20 19 15
12 5 30 20
18 27 8 13
1 26 1 25
20 21 3 16
7 8 15 20
22 20 29 7
18 27 9 26
7 7 17 23
24 4 17 15
5 19 25 3
16 25 20 20
3 14 16 7
23 8 27 27
10 19 7 11
10 19 18 16
13 15 15 20
25 0 30 24
0 15 12 6
4 21 25 3
0 13 23 13
29 5 6 13
30 4 11 1
21 16 3 17
30 21 28 4
19 23 19 26
1 8 28 0
28 8 8 9
29 11 13 15
6 3 25 19
15 13 4 29
27 11 29 27
15 18 17 25
0 9 21 14
15 29 11 20
27 0 30 0
27 22 18 15
11 18 5 1
20 23 6 6
22 5 12 0
18 13 11 14
29 20 24 16
2 0 16 8
21 4 19 6
25 7 2 25
29 26 28 16
3 15 19 4
8 19 1 5
30 8 6 3
20 27 20 13
5 5 10 9
19 16 11 15
15 8 9 11
11 8 17 24
26 29 9 14
9 27 9 16
26 26 18 17
15 2 21 7
6 11 22 15
6 4 13 1
21 8 14 11
5 17 13 3
15 3 1 13
3 11 6 9
24 24 26 5
9 27 1 16
13 10 9 9
28 23 20 1
1 29 6 22
26 3 29 20
27 26 18 19
20 12 2 0
9 2 28 16
6 16 22 26
24 14 7 0
2 10 1 2
22 15 25 3
9 5 30 5
17 30 21 14
24 10 26 18
0 3 2 23
0 12 18 30
13 2 24 7
9 5 18 26
29 1 21 17
29 18 22 27
12 23 23 17
10 26 27 25
24 11 16 16
3 25 8 5
13 5 26 27
7 14 11 17
29 27 8 5
2 7 8 29
21 4 21 7
15 26 23 6
30 24 7 5
18 11 24 13
9 28 12 8
3 9 4 18
28 8 28 7
8 25 29 6
13 28 4 1
12 18 29 18
27 12 0 14
5 17 20 25
8 29 24 19
13 12 29 17
21 26 16 3
6 25 22 2
18 8 18 28
4 14 27 27
30 0 26 8
1 26 10 27
21 7 4 14
16 22 29 7
4 17 0 15
7 19 10 2
27 1 16 13
22 29 4 24
6 19 9 17
19 14 9 28
4 9 26 29
25 0 9 23
28 19 22 12
10 12 19 9
6 29 25 6
27 9 13 13
10 3 17 20
22 16 20 5
8 30 12 11
25 30 24 28
11 10 1 17
29 0 2 2
11 25 5 0
12 0 9 22
26 24 25 25
3 28 10 19
16 4 5 1
2 28 19 19
4 13 27 26
7 6 24 14
6 9 12 21
12 19 25 27
16 21 23 17
11 17 29 15
15 16 10 28
22 20 6 9
23 1 17 12
26 7 7 18
18 20 15 11
9 6 1 4
22 28 26 16
15 22 16 14
13 14 16 27
29 11 9 13
16 14 6 26
14 10 18 17
14 0 22 12
23 26 29 13
17 1 2 28
0 7 25 4
25 18 26 24
28 16 17 18
7 23 4 13
23 30 26 14
26 10 7 23
24 14 27 17
17 24 25 13
7 14 23 24
13 23 5 19
7 7 2 1
25 6 14 24
11 16 21 14
16 30 11 26
18 5 7 3
14 21 18 16
20 19 28 16
4 19 8 0
0 24 22 11
26 28 15 20
20 7 5 20
18 11 19 13
22 30 29 27
2 30 16 25
2 29 18 24
23 8 22 3
15 15 17 19
4 28 10 17
29 27 1 14
11 7 13 24
7 12 15 10
26 17 7 14
28 23 1 18
5 27 28 1
9 29 19 16
11 9 29 2
4 1 5 2
29 25 29 5
2 25 4 10
16 17 20 27
6 24 15 26
15 12 8 6
18 1 0 26
6 7 7 29
14 27 20 30
7 30 27 22
29 27 14 17
10 8 15 7
15 30 19 19
16 4 15 15
7 26 17 7
30 20 3 30
17 14 27 14
13 0 30 2
3 10 1 19
2 3 25 13
3 11 9 17
5 27 20 4
12 2 28 24
5 1 20 2
3 4 20 25
7 27 0 18
22 29 25 5
2 27 28 2
6 30 13 6
21 17 25 3
13 3 29 16
19 10 26 27
25 28 11 18
19 8 12 1
14 8 21 21
30 7 18 26
28 20 7 2
11 8 9 8
16 5 21 13
21 20 4 13
4 13 17 3
28 14 3 17
29 6 5 15
28 4 15 14
16 3 4 30
29 25 19 13
7 10 11 22
18 11 3 3
15 0 5 8
4 26 25 10
12 22 16 3
17 4 7 20
4 6 2 21
14 0 24 17
18 21 22 25
10 16 15 19
1 4 3 1
11 7 8 10
27 9 6 10
14 5 9 24
1 17 16 13
0 0 30 29
13 10 1 16
10 5 24 26
16 11 30 0
16 17 11 2
22 8 1 20
20 20 7 16
0 26 7 19
13 21 19 30
29 1 10 22
0 10 5 19
7 2 10 16
30 11 0 16
17 18 29 0
19 24 22 29
29 17 5 28
15 1 13 18
12 9 20 25
29 10 1 29
27 14 23 6
12 9 21 4
28 28 12 17
19 25 14 1
1 20 7 18
1 0 5 5
11 18 27 25
5 16 25 8
9 8 1 27
18 12 14 23
13 17 28 8
2 4 29 3
1 13 18 6
18 29 25 14
2 29 20 0
10 1 9 15
0 25 3 17
2 6 20 16
24 25 12 29
14 7 8 4
24 18 7 28
16 27 8 14
19 9 29 27
4 20 16 12
17 13 7 7
20 11 7 12
4 30 2 0
30 25 3 26
22 3 14 4
22 10 2 6
4 23 1 13
15 1 30 24
20 17 20 25
4 20 2 21
1 1 20 1
7 3 12 1
22 29 15 8
19 18 17 26
5 28 0 1
19 28 6 13
21 0 7 18
16 21 27 10
21 14 26 5
23 14 1 2
20 11 7 22
24 20 10 5
2 9 11 0
15 4 8 20
11 10 27 4
25 29 14 12
11 14 30 11
11 7 26 22
3 24 26 22
10 23 13 21
5 28 8 25
20 21 1 4
25 29 10 23
29 19 14 17
14 20 28 16
7 1 2 13
11 13 6 2
20 2 27 13
19 25 18 9
9 6 28 7
13 22 12 27
26 21 16 25
12 7 13 0
2 25 5 26
5 19 26 22
7 29 9 5
21 2 4 30
4 24 23 2
27 10 12 12
2 6 11 28
27 9 9 14
17 15 9 29
11 9 27 15
24 23 3 12
4 15 9 20
20 13 18 4
11 22 14 19
11 10 24 21
7 9 15 26
0 0 15 7
19 17 3 18
3 23 11 10
18 0 30 5
27 18 2 7
10 3 4 9
29 1 17 13
8 13 1 7
14 12 4 22
26 2 11 27
6 23 21 11
28 9 12 13
3 30 28 12
12 0 3 19
19 26 15 5
8 9 24 2
4 3 24 29
18 19 11 14
4 12 11 2
6 18 20 23
17 24 27 19
2 19 1 10
1 23 9 23
4 0 27 29
1 6 0 29
1 29 9 2
30 0 4 0
26 0 30 18
5 29 10 26
15 8 16 21
2 10 9 10
20 15 5 26
8 16 12 24
27 18 7 0
9 4 11 6
3 25 18 29
15 12 2 27
5 6 29 11
29 19 30 27
25 19 0 5
3 1 19 4
6 20 2 12
29 19 18 19
5 14 7 5
22 20 18 22
2 30 6 24
16 4 25 25
29 21 2 30
24 14 30 15
19 26 15 11
13 2 27 17
27 30 7 5
1 19 10 25
30 0 16 17
6 11 2 26
23 0 28 27
22 20 13 22
7 7 10 15
9 23 23 16
9 15 1 3
23 15 5 25
4 10 25 3
13 20 26 1
20 7 11 9
18 6 26 18
12 23 17 3
9 26 16 13
19 15 5 14
28 21 19 4
15 5 17 21
22 11 21 12
14 20 16 16
7 25 0 4
9 17 30 21
30 10 19 10
9 10 22 28
29 23 5 17
22 18 23 13
11 8 13 18
0 2 8 20
18 13 16 0
9 17 26 25
21 20 5 13
0 24 15 18
24 24 10 25
18 14 13 13
13 19 10 0
2 22 5 14
2 6 0 5
26 25 2 23
28 15 5 9
17 1 25 26
2 21 19 7
29 27 8 20
25 10 29 5
14 30 21 3
24 16 3 23
17 2 28 7
9 4 28 30
0 21 13 25
8 24 8 8
23 30 18 21
29 11 11 0
13 18 22 22
0 4 21 1
21 15 12 10
25 24 28 27
0 13 22 8
21 28 4 14
25 21 27 17
11 5 20 19
16 5 1 17
2 20 14 16
5 28 16 23
15 5 6 24
29 20 15 0
12 17 13 27
19 17 17 30
3 10 6 4
1 20 8 4
0 26 12 6
5 15 4 22
18 19 18 29
24 6 30 17
19 23 23 12
17 2 7 26
8 28 30 24
10 20 3 15
3 21 1 30
17 29 8 9
27 8 5 6
21 2 27 23
18 9 11 20
4 11 3 20
8 18 27 8
27 30 8 22
17 30 14 8
4 11 27 23
30 27 3 17
7 26 21 18
22 26 22 28
26 8 19 14
3 27 1 26
1 25 14 28
27 7 18 4
27 3 23 20
13 23 7 19
7 0 24 2
8 14 2 13
29 19 21 19
19 27 6 17
21 14 16 30
7 27 24 24
11 20 16 15
14 3 16 18
13 3 24 21
26 27 5 23
24 17 3 17
14 2 19 9
12 11 7 27
30 28 14 1
27 20 18 10
26 3 19 8
21 27 14 26
24 27 9 23
0 17 15 8
19 17 7 9
0 26 13 26
0 22 7 23
28 11 10 5
8 25 12 11
29 11 29 2
23 23 12 12
12 15 16 23
6 22 28 4
17 10 11 10
1 29 6 2
7 2 1 2
0 18 5 16
9 9 9 12
9 23 25 5
26 26 15 15
10 12 19 20
14 21 17 1
14 2 25 11
20 8 21 28
6 17 19 19
23 5 25 2
5 22 24 6
5 16 1 3
18 0 9 8
13 21 3 17
14 24 18 15
16 17 26 1
29 11 5 5
4 4 20 16
11 16 30 23
27 0 12 30
0 0 9 5
30 15 6 26
6 12 21 27
23 18 17 15
5 0 12 6
9 23 27 1
21 26 16 30
25 15 4 2
19 8 9 18
7 18 2 27
17 19 25 29
26 22 17 28
14 19 24 13
13 3 30 9
6 16 7 25
9 21 13 20
10 10 15 11
9 20 14 30
29 25 29 20
11 23 14 28
22 20 30 7
1 24 4 30
6 19 26 27
20 0 25 17
17 3 4 15
18 5 28 30
21 25 15 1
7 18 26 26
4 18 15 30
17 6 1 12
30 16 29 9
24 27 20 22
20 7 15 7
27 10 13 10
15 12 21 19
9 11 26 15
6 10 24 6
2 5 5 1
2 27 13 21
26 4 24 12
19 30 8 19
10 19 18 14
5 14 2 12
3 12 25 19
5 21 18 4
7 19 24 9
23 22 3 5
0 18 16 13
12 15 25 26
8 23 30 6
19 12 26 26
0 9 27 9
19 9 14 10
11 25 30 30
9 28 24 6
24 21 12 16
11 14 10 18
9 4 28 5
21 12 9 28
26 26 30 8
21 16 12 11
7 29 23 14
22 13 2 12
7 8 7 22
2 2 20 26
19 15 24 23
12 4 20 22
30 11 20 22
25 0 3 30
12 7 5 20
24 21 28 19
10 1 10 16
15 30 27 12
10 30 22 0
24 6 18 16
16 23 12 30
14 28 10 22
26 25 2 6
4 30 16 14
3 28 3 27
3 12 15 12
5 7 7 27
23 14 17 18
22 28 9 26
3 0 10 20
14 23 25 26
21 1 26 4
25 9 30 7
29 12 9 29
2 24 4 23
20 11 21 9
14 27 21 11
7 6 5 13
9 23 0 10
0 15 22 11
10 23 13 25
29 22 10 6
29 11 6 20
9 4 13 10
5 0 13 0
23 26 8 15
15 16 30 15
19 22 9 7
2 8 22 4
19 14 7 0
19 1 4 0
5 14 22 13
5 12 21 23
3 6 24 3
24 2 1 13
19 23 21 24
28 6 30 7
27 20 25 24
26 10 18 2
27 14 9 25
3 18 27 0
28 30 24 27
11 30 25 4
2 8 8 26
29 11 26 0
24 14 10 26
21 17 12 27
25 6 28 6
23 9 20 29
19 30 9 2
24 9 16 7
9 27 17 10
11 25 23 19
29 3 10 3
27 16 7 11
27 24 6 15
5 6 7 21
12 22 15 5
28 5 3 13
12 26 25 12
0 17 24 20
16 22 4 0
3 10 11 14
20 24 10 3
12 2 13 28
21 29 14 21
6 3 28 12
10 20 29 9
1 5 24 24
3 8 14 18
20 26 18 1
21 0 4 10
15 4 30 2
2 3 23 23
0 0 0 16
28 23 6 17
9 1 11 26
3 18 6 6
27 13 2 16
10 9 15 26
27 18 16 26
16 2 28 18
15 6 6 1
26 17 20 9
9 9 10 8
25 19 29 10
14 8 30 23
27 11 2 8
26 26 6 26
17 13 9 10
27 21 7 3
26 4 9 23
24 15 16 15
26 14 26 0
21 15 10 4
29 25 5 30
7 6 16 13
21 5 17 10
6 16 0 9
22 2 11 24
30 11 25 2
12 17 7 15
8 28 5 4
24 16 27 2
26 21 9 30
6 13 10 9
25 27 28 11
21 6 17 13
18 10 2 13
30 19 22 11
19 26 26 12
14 6 7 0
17 17 11 6
1 6 0 14
26 5 11 3
27 22 3 9
9 2 10 24
0 29 27 21
1 26 0 2
8 14 13 10
10 15 20 6
8 6 20 16
18 10 3 11
27 2 13 3
18 26 3 8
5 28 4 22
22 12 0 1
11 20 22 9
1 7 14 25
28 8 17 19
19 16 0 2
5 16 19 17
25 17 6 24
8 11 20 2
19 3 9 16
8 20 1 23
22 10 30 2
29 11 12 4
6 6 2 27
3 18 5 2
3 10 13 11
2 6 2 30
27 2 1 23
30 28 18 21
30 22 26 3
16 6 17 17
11 20 7 16
16 19 22 7
2 7 29 30
0 14 19 6
17 6 13 10
17 24 13 26
1 24 19 0
14 2 5 26
0 30 6 17
28 16 16 11
11 4 28 12
23 26 5 27
9 2 17 25
2 22 25 0
6 29 21 27
20 18 12 2
17 30 1 23
14 1 19 25
21 17 23 19
2 16 12 16
29 29 29 18
22 11 23 21
9 0 4 26
2 3 7 16
9 30 18 9
12 0 15 1
19 20 19 15
30 11 9 25
24 21 3 7
24 0 24 18
20 25 18 3
24 17 17 0
23 13 30 1
2 20 7 6
14 7 8 13
9 8 27 1
11 4 22 24
6 30 0 20
13 21 13 30
14 2 1 18
19 10 14 10
16 18 1 23
15 8 15 28
15 4 16 18
6 25 15 4
20 2 0 15
10 13 9 29
24 16 29 18
12 4 20 22
6 2 26 3
13 28 10 19
24 15 23 10
2 12 0 22
28 3 4 0
21 20 1 27
2 12 19 14
20 2 18 18
9 4 26 24
23 14 3 29
23 21 1 5
7 11 5 14
22 9 5 8
5 14 28 25
1 4 27 27
12 13 14 13
5 30 17 19
16 15 5 14
12 9 11 8
30 30 20 5
8 8 17 1
0 23 28 29
13 24 3 1
23 13 24 21
5 10 9 11
22 20 26 2
14 12 17 15
30 29 7 19
24 27 11 20
18 26 28 25
14 7 14 20
3 8 1 14
26 0 14 9
9 18 12 23
28 23 8 7
9 19 27 26
15 18 15 14
27 11 18 6
8 1 30 8
7 15 13 18
21 26 15 18
0 5 19 7
0 24 22 24
8 24 7 17
13 16 19 29
30 0 21 4
10 10 20 21
14 17 22 2
30 8 16 15
22 23 18 7
30 24 12 29
22 27 16 26
15 30 29 17
29 30 14 10
0 12 30 3
7 28 7 5
29 17 8 30
11 8 21 24
24 24 6 28
6 1 4 14
4 29 5 0
3 22 24 2
18 22 17 23
7 20 6 0
8 12 5 1
9 23 17 1
11 14 21 17
16 21 6 25
20 8 27 28
17 13 21 16
2 14 21 7
15 15 6 5
15 13 26 21
18 7 6 2
26 11 1 21
28 14 17 30
7 16 17 21
26 16 29 3
27 0 24 9
10 1 9 15
2 16 2 5
14 10 14 29
5 0 25 10
29 8 18 27
23 4 7 13
15 29 26 25
3 24 20 4
13 1 12 12
27 13 11 30
25 0 20 23
21 20 8 25
6 23 20 15
22 2 15 0
18 26 30 15
25 14 17 6
13 5 4 7
25 28 0 0
15 2 5 9
29 26 26 18
19 26 25 12
24 23 1 16
14 9 27 3
29 30 5 23
1 11 27 24
13 12 11 23
21 0 4 9
14 12 16 16
4 20 26 8
17 24 7 19
25 8 13 16
20 17 26 3
18 18 19 1
10 15 9 16
18 26 16 9
25 8 19 0