400
0 1 20 1
1 2 15 2
2 3 18 3
3 4 20 4
4 5 16 5
5 6 19 6
6 7 14 7
7 8 13 8
8 9 15 9
9 10 17 10
10 11 18 11
11 12 19 12
12 13 16 13
13 14 14 14
14 15 13 15
15 16 17 16
16 17 18 17
17 18 15 18
18 19 16 19
19 20 14 20
20 1 20 5
21 2 15 4
22 3 18 6
23 4 20 8
24 5 16 7
25 6 19 10
26 7 14 9
27 8 13 11
28 9 15 13
29 10 17 12
30 11 18 15
31 12 19 14
32 13 16 17
33 14 14 16
34 15 13 19
35 16 17 18
36 17 18 21
37 18 15 20
38 19 16 23
39 20 14 22
40 2 10 12
41 3 13 15
42 4 12 14
43 5 15 17
44 6 18 16
45 7 17 19
46 8 14 18
47 9 15 21
48 10 13 20
49 11 12 23
50 12 16 22
51 13 11 25
52 14 18 24
53 15 19 27
54 16 15 26
55 17 12 29
56 18 13 28
57 19 11 31
58 20 14 30
59 21 16 5
60 22 13 8
61 23 12 11
62 24 15 9
63 25 18 10
64 26 19 13
65 27 16 12
66 28 14 15
67 29 13 18
68 30 11 17
69 1 15 20
70 2 17 23
71 3 18 22
72 4 19 25
73 5 16 24
74 6 14 27
75 7 13 26
76 8 15 29
77 9 17 28
78 10 16 1
79 11 18 4
80 12 14 3
81 13 13 6
82 14 15 5
83 15 19 8
84 16 17 7
85 17 14 10
86 18 16 9
87 19 18 12
88 20 15 11
89 21 19 14
90 22 17 13
91 23 13 16
92 24 18 15
93 25 14 18
94 26 16 17
95 27 19 20
96 28 15 19
97 29 18 22
98 30 16 21
99 2 14 12
100 3 15 11
101 4 13 14
102 5 18 13
103 6 17 16
104 7 16 15
105 8 14 18
106 9 19 17
107 10 18 20
108 11 15 19
109 12 17 22
110 13 16 21
111 14 14 24
112 15 19 23
113 16 15 26
114 17 14 25
115 18 13 28
116 19 12 27
117 20 18 30
118 21 16 29
119 22 15 8
120 23 13 7
121 24 14 10
122 25 18 9
123 26 17 12
124 27 15 11
125 28 13 14
126 29 18 13
127 30 16 16
128 1 12 15
129 2 15 18
130 3 18 17
131 4 19 20
132 5 16 19
133 6 14 22
134 7 13 21
135 8 15 24
136 9 17 23
137 10 16 26
138 11 18 25
139 12 14 28
140 13 13 27
141 14 15 30
142 15 19 29
143 16 17 8
144 17 14 7
145 18 16 10
146 19 18 9
147 20 15 12
148 21 19 11
149 22 17 14
150 23 13 13
151 24 18 16
152 25 14 15
153 26 16 18
154 27 19 17
155 28 15 20
156 29 18 19
157 30 16 22
158 1 14 21
159 2 15 24
160 3 13 23
161 4 18 26
162 5 17 25
163 6 16 28
164 7 14 27
165 8 13 30
166 9 15 29
167 10 12 1
168 11 18 4
169 12 14 3
170 13 15 6
171 14 17 5
172 15 16 8
173 16 18 7
174 17 15 10
175 18 17 9
176 19 13 12
177 20 15 11
178 21 16 14
179 22 18 13
180 23 14 16
181 24 13 15
182 25 18 18
183 26 17 17
184 27 14 20
185 28 15 19
186 29 13 22
187 30 12 21
188 1 19 24
189 2 18 23
190 3 17 26
191 4 16 25
192 5 15 28
193 6 14 27
194 7 13 30
195 8 12 29
196 9 18 8
197 10 16 7
198 11 15 10
199 12 17 9
200 13 18 12
201 14 15 11
202 15 17 14
203 16 18 13
204 17 14 16
205 18 13 15
206 19 12 18
207 20 14 17
208 21 18 20
209 22 16 19
210 23 13 22
211 24 15 21
212 25 18 24
213 26 14 23
214 27 16 26
215 28 19 25
216 29 17 28
217 30 18 27
218 1 14 30
219 2 18 29
220 3 15 8
221 4 17 7
222 5 18 10
223 6 16 9
224 7 14 12
225 8 15 11
226 9 18 14
227 10 17 13
228 11 13 16
229 12 15 15
230 13 14 18
231 14 16 17
232 15 18 20
233 16 13 19
234 17 12 22
235 18 18 21
236 19 16 24
237 20 13 23
238 21 12 26
239 22 17 25
240 23 18 28
241 24 15 27
242 25 14 30
243 26 13 29
244 27 15 8
245 28 17 7
246 29 13 10
247 30 18 9
248 1 15 12
249 2 13 11
250 3 18 14
251 4 16 13
252 5 17 16
253 6 18 15
254 7 14 18
255 8 13 17
256 9 16 20
257 10 15 19
258 11 18 22
259 12 14 21
260 13 15 24
261 14 18 23
262 15 13 26
263 16 12 25
264 17 14 28
265 18 13 27
266 19 12 30
267 20 15 29
268 21 18 8
269 22 17 7
270 23 14 10
271 24 16 9
272 25 13 12
273 26 12 11
274 27 15 14
275 28 18 13
276 29 14 16
277 30 13 15
278 1 16 18
279 2 15 17
280 3 18 20
281 4 14 19
282 5 12 22
283 6 18 21
284 7 16 24
285 8 14 23
286 9 13 26
287 10 15 25
288 11 18 28
289 12 13 27
290 13 12 30
291 14 18 29
292 15 17 8
293 16 16 7
294 17 13 10
295 18 15 9
296 19 12 12
297 20 14 11
298 21 18 14
299 22 16 13
300 23 14 16
301 24 13 15
302 25 12 18
303 26 18 17
304 27 16 20
305 28 15 19
306 29 13 22
307 30 18 21
308 1 12 24
309 2 17 23
310 3 18 26
311 4 13 25
312 5 12 28
313 6 15 27
314 7 18 30
315 8 17 29
316 9 13 8
317 10 15 7
318 11 12 10
319 12 18 9
320 13 14 12
321 14 13 11
322 15 18 14
323 16 17 13
324 17 13 16
325 18 12 15
326 19 18 18
327 20 16 17
328 21 15 20
329 22 13 19
330 23 12 22
331 24 14 21
332 25 18 24
333 26 16 23
334 27 13 26
335 28 14 25
336 29 12 28
337 30 15 27
338 1 13 30
339 2 12 29
340 3 18 8
341 4 17 7
342 5 13 10
343 6 18 9
344 7 12 12
345 8 15 11
346 9 17 14
347 10 16 13
348 11 13 16
349 12 12 15
350 13 18 18
351 14 17 17
352 15 14 20
353 16 13 19
354 17 12 22
355 18 18 21
356 19 16 24
357 20 13 23
358 21 12 26
359 22 15 25
360 23 13 28
361 24 18 27
362 25 17 30
363 26 12 29
364 27 18 8
365 28 13 7
366 29 15 10
367 30 16 9
368 1 14 12
369 2 13 11
370 3 18 14
371 4 15 13
372 5 17 16
373 6 14 15
374 7 18 18
375 8 16 17
376 9 13 20
377 10 15 19
378 11 12 22
379 12 18 21
380 13 16 24
381 14 13 23
382 15 12 26
383 16 18 25
384 17 15 28
385 18 12 27
386 19 13 30
387 20 14 29
388 21 18 8
389 22 12 7
390 23 15 10
391 24 14 9
392 25 18 12
393 26 16 11
394 27 14 14
395 28 13 13
396 29 15 16
397 30 17 15
398 1 12 18
399 2 14 17